1096360;START
1096360;0.9
1108073;0.9
1119143;0.9
1130377;0.9
1139666;0.9
1147582;0.9
1163783;0.9
1183367;0.9
1193768;0.9
1201587;0.9
1207662;0.9
1218326;0.9
1225593;0.9
1241752;0.9416
1255933;0.9563
1265063;0.9569
1278131;0.9624
1295120;0.9633
1304712;0.9525
1318456;0.9604
1325878;0.9656
1338139;0.9647
1347459;0.9502
1356581;0.9581
1367177;0.9697
1376648;0.9677
1387690;0.9717
1397129;0.9756
1406050;0.9682
1417753;0.9696
1427377;0.9811
1445726;0.9751
1452660;0.979
1464461;0.9835
1475228;0.9774
1483851;0.9787
1498021;0.9869
1513382;0.9896
1522982;0.9848
1529745;0.988
1540360;0.9861
1554027;0.9913
1569797;0.9934
1578522;0.99
1589272;0.9939
1596620;0.9938
1606777;0.9942
1614597;0.9945
1622687;0.9938
1628569;0.9946
1643413;0.9914
1649349;0.9889
1660992;0.9956
1668947;0.9938
1686026;0.9955
1695136;0.9946
1710572;0.9926
1725232;0.9975
1736763;0.9978
1742773;0.9984
1759971;0.9985
1766626;0.9978
1774543;0.9979
1783107;0.9979
1790437;0.9979
1802930;0.9968
1816637;0.9961
1826457;0.996
1838612;0.9975
1852609;0.9983
1862838;0.9984
1872677;0.9984
1884250;0.9983
1895563;0.9987
1904209;0.9978
1913881;0.9973
1924798;0.9967
1940480;0.9968
1955336;0.9923
1966618;0.9916
1974047;0.9932
1983343;0.9975
1988930;0.9947
1999261;0.9962
2013533;0.999
2026034;0.9993
2037001;0.9986
2042063;0.999
2053264;0.9992
2062402;0.9984
2072209;0.9991
2086261;0.9989
2095645;FOUND
