1154304;START
1154304;0.9
1172549;0.9
1183544;0.9
1190329;0.9
1194757;0.9
1209878;0.9
1215747;0.9
1222908;0.9
1239648;0.9
1251230;0.9
1263982;0.9
1281292;0.9
1292319;0.9
1299386;0.9
1313135;0.9
1329803;0.9
1344187;0.9
1352353;0.8998
1355811;0.9498
1367236;0.9421
1383601;0.9563
1399766;0.9623
1406513;0.9642
1415497;0.9644
1423766;0.9613
1431434;0.964
1448011;0.9602
1456059;0.9666
1469574;0.9696
1480993;0.9676
1496611;0.9698
1515059;0.9706
1529421;0.9733
1539358;0.975
1552538;0.9728
1560223;0.9783
1571687;0.9796
1583896;0.9818
1600497;0.9855
1614738;0.9819
1630142;0.9802
1636725;0.9803
1651512;0.9804
1656386;0.9849
1670012;0.9892
1687644;0.9898
1694775;0.9901
1706248;0.9902
1712408;0.9917
1724871;0.9898
1737934;0.994
1745212;0.9908
1758518;0.9937
1765974;0.9935
1776900;0.9932
1782255;0.9894
1798744;0.9913
1809431;0.9905
1824210;0.9907
1835916;0.9929
1856844;0.9924
1872139;0.9959
1881958;0.9986
1890051;0.999
1901424;0.9988
1909115;0.9984
1922543;0.9984
1934859;0.999
1953038;0.9985
1969499;0.9985
1984837;0.9987
1993757;0.9988
2002183;0.9989
2014900;0.9985
2022429;0.9981
2027574;0.999
2043552;0.9988
2048733;0.9987
2061671;0.9996
2069180;0.9997
2080669;0.9997
2087288;0.9997
2095427;0.9998
2108011;0.9999
2112886;0.9998
2125610;0.9997
2130048;0.9988
2140485;0.9993
2151360;0.9959
2158912;0.9994
2171716;0.999
2182249;0.9995
2190062;0.9988
2206362;0.9969
2219305;0.998
2229487;0.9966
2244317;0.9961
2255799;0.9991
2268995;0.9993
2277524;0.9994
2286976;0.9997
2292750;0.9999
2303790;0.9998
2320918;0.9994
2336690;0.9993
2355956;0.9993
2365799;0.9993
2373713;0.9993
2385030;0.9993
2399572;0.9993
2415484;0.9992
2425259;0.9992
2433336;0.9992
2452779;0.9991
2465784;0.9999
2477791;0.9996
2484664;0.9955
2493814;0.9992
2500429;0.999
2506075;0.9989
2516958;0.9989
2524256;0.9989
2542276;0.9989
2557790;0.9949
2570568;0.9996
2586415;0.9991
2599286;0.9989
2605875;0.9987
2617733;0.9971
2624427;0.9994
2633225;0.9991
2643075;0.9986
2655281;0.9987
2658973;0.9989
2673779;0.9989
2684961;0.9967
2694851;0.9941
2709143;0.9995
2719177;0.9995
2728057;0.999
2734058;0.9989
2742751;0.999
2756852;0.999
2773106;0.999
2780589;0.9993
2792959;0.9997
2798691;0.9998
2805921;0.9997
2819126;0.9998
2830293;0.9998
2841846;0.9997
2848548;0.9997
2858741;0.9997
2868514;0.9997
2879914;0.9997
2893976;0.9997
2904677;0.9997
2913317;0.9997
2927059;0.9998
2937528;0.9997
2947759;0.9998
2956076;0.9998
2961429;0.9998
2970133;0.9997
2978652;0.9997
2985673;0.9997
2997914;0.9998
3009310;0.9998
3018483;0.9998
3033764;0.9998
3044506;0.9998
3055868;0.9996
3061252;0.9997
3069890;0.9999
3081830;0.9999
3093715;0.9999
3107832;0.9998
3113641;0.9998
3131162;0.9998
3143871;0.9998
3153948;0.9996
3168389;0.9997
3176180;0.9999
3198896;0.9998
3215288;0.9998
3229797;0.9999
3239324;0.9999
3248574;0.9999
3270573;0.9989
3288285;0.9984
3295253;FOUND
