1135422;START
1135422;0.9
1145305;0.9
1159258;0.9
1169003;0.9
1185223;0.9
1194948;0.9
1209150;0.9
1216303;0.9
1232253;0.9
1242941;0.9
1251198;0.9
1267829;0.9
1277791;0.9
1286771;0.9
1294944;0.9
1305456;0.9
1315022;0.9
1331872;0.9034
1338453;0.9522
1351438;0.9638
1363363;0.9643
1377527;0.9643
1385426;0.9709
1394254;0.9742
1405566;0.9831
1417395;0.9779
1427602;0.9743
1437634;0.9814
1451097;0.9868
1461398;0.9675
1469242;0.9897
1479210;0.9924
1483977;0.9891
1490419;0.989
1508631;0.9951
1516322;0.9949
1526209;0.9929
1537396;0.995
1550946;0.9957
1563309;0.996
1572554;0.9963
1573031;FOUND
