1148851;START
1148851;0.9
1159795;0.9
1167594;0.9
1174785;0.9
1190826;0.9
1209668;0.9
1220530;0.9
1230497;0.9
1237462;0.9
1255715;0.9
1264063;0.9
1271108;0.9
1278895;0.9
1297845;0.9
1309921;0.9
1327425;0.9
1338576;0.9477
1352907;0.9556
1366120;0.9524
1375692;0.959
1387771;0.9601
1399114;0.9555
1409513;0.9594
1424314;0.9441
1436128;0.9615
1450908;0.9471
1466492;0.9592
1480524;0.9627
1500897;0.9594
1507946;0.9644
1520782;0.965
1528118;0.9654
1539652;0.9641
1546576;0.9663
1552411;0.9672
1561004;0.9653
1568308;0.9529
1585086;0.9688
1592231;0.9703
1603319;0.9647
1613022;0.967
1629906;0.9704
1635425;0.9735
1643764;0.9724
1654533;0.9735
1665684;0.973
1679687;0.9742
1688613;0.9743
1696159;0.9762
1711321;0.9782
1730031;0.9798
1737363;0.9786
1750322;0.9769
1759421;0.9824
1778958;0.9844
1795492;0.9859
1807559;0.9841
1816896;0.9853
1825775;0.9852
1834880;0.9884
1846553;0.988
1858562;0.9862
1868095;0.9906
1882470;0.9892
1895985;0.9891
1908249;0.9891
1916106;0.9881
1923612;0.9925
1938201;0.993
1949662;0.9873
1965379;0.9929
1975445;0.9923
1991100;0.9832
1998293;0.9899
2008734;0.9906
2014732;0.987
2023711;0.9814
2032384;0.9935
2039888;0.9965
2044001;0.9957
2049792;0.9975
2062252;0.9985
2066463;0.998
2079554;0.9975
2089528;0.9968
2103596;0.9974
2112426;0.9975
2127359;0.9975
2139893;0.9977
2145460;0.9984
2160443;0.9981
2172896;0.9979
2183960;0.9979
2195548;0.9984
2205387;0.9982
2218052;0.9982
2225861;0.9989
2237408;0.9988
2247299;0.9978
2264277;0.9983
2276340;0.9986
2285416;0.9987
2297079;0.9986
2300944;0.9986
2309132;0.9985
2321899;0.9987
2334265;0.999
2344069;0.9973
2361441;0.9989
2371931;0.9981
2381365;0.9977
2393734;0.9984
2415589;0.9987
2426019;0.9983
2433690;0.9966
2447644;0.9991
2458346;0.99
2467948;0.9982
2480536;0.9982
2496267;0.9986
2500790;0.9981
2514111;0.9977
2523086;0.9983
2537744;0.9976
2544792;0.9982
2554295;0.9987
2565716;0.9991
2579411;0.9996
2596879;FOUND
