1083140;START
1083140;0.9
1089434;0.9
1101887;0.9
1108315;0.9
1119582;0.9
1128450;0.9
1133859;0.9
1151002;0.9
1156523;0.9
1167567;0.9
1175045;0.9
1186911;0.9
1195333;0.9
1211989;0.9
1228228;0.9
1235636;0.9
1243790;0.9
1248854;0.9
1272520;0.9
1282802;0.9
1296917;0.9
1311138;0.9
1318843;0.9
1332490;0.9
1346943;0.9
1366716;0.9
1381371;0.9
1388503;0.9
1409932;0.9
1418853;0.9
1430099;0.9
1441326;0.9
1453527;0.9
1462068;0.9
1470632;0.9
1481349;0.9
1492352;0.9
1505624;0.9679
1515241;0.9679
1524613;0.9658
1539990;0.9645
1547251;0.9711
1563067;0.9712
1577053;0.9724
1589506;0.9697
1598900;0.954
1603680;0.9696
1614707;0.9749
1626819;0.9737
1637644;0.9765
1653155;0.9764
1665562;0.9821
1678121;0.9692
1690527;0.9832
1700104;0.986
1710208;0.9862
1722438;0.9862
1738924;0.9775
1746479;0.9664
1755474;0.9876
1763651;0.9756
1773820;0.9774
1783731;0.9884
1792022;0.9907
1799871;0.9913
1803686;0.9905
1819339;0.98
1834319;0.9943
1845255;0.9951
1865724;0.9928
1876593;0.9941
1887951;0.994
1899062;0.9926
1908003;0.994
1915692;0.9954
1928777;0.9921
1937678;0.9958
1951591;0.9953
1960763;0.9966
1971873;0.9975
1987156;0.9964
2000346;0.9957
2008329;0.9942
2014834;0.9966
2024950;0.9956
2032312;0.9938
2041973;0.9972
2051452;0.9729
2061844;0.9828
2071958;0.9968
2078947;0.9944
2090610;0.9954
2104754;0.9962
2118371;0.9971
2130430;0.9974
2145053;0.9977
2158068;0.9978
2167778;0.9981
2179114;0.9977
2188578;0.9966
2198301;0.9955
2222817;0.99
2231691;0.9979
2241693;0.9985
2251539;0.9984
2261946;0.9983
2270335;0.9982
2290940;0.998
2302588;0.9957
2315735;0.9979
2333495;0.9987
2349533;0.9963
2366653;0.9995
2387677;0.9987
2395563;0.9981
2407784;0.9996
2420642;0.994
2431552;0.9939
2445591;0.9989
2457275;0.9981
2466112;0.9979
2476592;0.9981
2485551;0.9981
2491129;0.9989
2507065;0.9991
2517200;0.9991
2524013;0.9991
2542517;0.9991
2556956;0.999
2569916;0.9985
2578061;0.9979
2588441;0.9979
2600449;0.9979
2604107;0.9982
2618196;0.9983
2623821;0.9984
2632956;0.9987
2643329;0.9988
2659991;0.9989
2673103;0.999
2685305;0.999
2702818;0.9982
2717323;0.9981
2729643;0.9981
2752800;0.9965
2760699;0.9983
2772689;0.9997
2787079;0.9995
2794046;0.9996
2807121;0.9995
2820807;0.9996
2834839;0.9996
2842979;0.9996
2852533;0.9996
2859182;0.9995
2870365;0.9995
2876037;0.9994
2886456;0.9994
2891254;0.9998
2899048;0.9997
2906296;0.9997
2913855;0.999
2921600;0.9974
2932484;0.9996
2945425;0.9998
2959527;0.9998
2971349;0.9998
2984155;0.9998
2995392;0.9998
3006690;0.9937
3017751;0.9928
3034870;0.9968
3045246;0.9981
3052228;0.9986
3069501;0.9986
3077844;1.0
3088142;0.9997
3095830;0.9999
3103890;0.9999
3112789;1.0
3120577;1.0
3136164;1.0
3149948;0.9999
3158901;0.9997
3171465;0.9996
3187454;0.9969
3203361;0.9984
3212585;0.9984
3221184;0.9999
3231947;0.9997
3241050;0.9997
3245818;0.9997
3253365;0.9998
3261896;0.9993
3278351;0.9964
3290607;0.9995
3299333;0.9993
3311132;0.9977
3319590;0.995
3331559;0.9974
3346659;0.999
3360058;0.9995
3377861;0.9996
3395370;0.9996
3403376;0.9999
3412260;0.9998
3423999;0.9998
3436235;0.9998
3448559;0.9999
3461666;0.9999
3470581;0.9999
3488003;0.9999
3507221;0.9999
3518465;0.9999
3527787;0.9999
3532032;0.9999
3541146;0.9999
3551366;0.9999
3562753;0.9999
3573779;0.9999
3580004;0.9999
3589285;0.9999
3598814;0.9998
3608590;0.9992
3621202;0.9994
3634076;0.9995
3647924;0.9996
3660682;0.9983
3671592;0.9971
3673184;FOUND
