1092707;START
1092707;0.9
1102061;0.9
1110183;0.9
1121695;0.9
1136583;0.9
1145398;0.9
1158013;0.9
1167346;0.9
1177872;0.9
1186843;0.9
1204296;0.9
1214017;0.9
1231172;0.9
1245747;0.9
1252648;0.9
1264223;0.9
1269025;0.9
1284519;0.9
1297697;0.9001
1305566;0.9477
1315335;0.9557
1324132;0.9568
1332196;0.9605
1344349;0.9644
1361592;0.9572
1368039;0.963
1377460;0.9618
1386855;0.9702
1395204;0.9708
1412511;0.9673
1432599;0.9659
1439683;0.971
1449463;0.9751
1458860;0.974
1472200;0.9749
1482848;0.9755
1490611;0.9736
1501239;0.9643
1510118;0.974
1520384;0.978
1536689;0.977
1551331;0.9804
1569374;0.9753
1578264;0.9824
1586438;0.9789
1600173;0.9837
1610023;0.9842
1616932;0.9838
1632701;0.9828
1640879;0.983
1652289;0.9845
1660475;0.9843
1668393;0.9827
1675343;0.9815
1684686;0.9797
1702376;0.9744
1710540;0.9853
1719346;0.9881
1733644;0.9893
1742428;0.9903
1753060;0.9899
1764897;0.9844
1783752;0.9887
1794713;0.9917
1802276;0.9938
1810242;0.993
1820625;0.9932
1827919;0.9829
1838705;0.9878
1855678;0.9908
1866771;0.9929
1877275;0.9897
1891848;0.9959
1903015;0.9917
1911957;0.9909
1920326;0.9963
1930509;0.9881
1944169;0.9883
1955784;0.9934
1964308;0.9964
1975517;0.9931
1988172;0.9944
2001892;0.9939
2016885;0.9932
2040495;0.9932
2051286;0.9945
2062361;0.9944
2070857;0.9939
2083941;0.9962
2095913;0.9959
2104962;0.9959
2118634;0.9954
2127026;0.9944
2135969;0.9968
2149052;0.9934
2159547;0.9949
2167725;0.9946
2180742;0.9939
2191701;0.9938
2208675;0.995
2218126;0.9971
2233602;0.9979
2239976;0.9973
2246096;0.997
2259209;0.9977
2267837;0.9976
2277744;0.9973
2292770;0.9969
2297991;0.9969
2315460;0.9975
2324372;0.9978
2338269;0.9982
2346075;0.9978
2358732;0.9976
2372576;0.9973
2377757;0.9979
2389503;0.9977
2402242;0.9967
2408661;0.9944
2418244;0.9979
2432528;0.9971
2443163;0.997
2453356;0.9979
2460325;0.9981
2471406;0.9972
2484647;0.9957
2499948;0.9974
2506404;0.9974
2517877;0.9971
2532113;0.9966
2543104;0.9967
2558450;0.9966
2573855;0.9969
2584413;0.9981
2594411;0.9977
2610684;0.9983
2626416;0.9895
2637262;0.9931
2647073;0.9978
2655933;0.9969
2668816;0.9961
2675595;0.9977
2689804;0.9976
2702936;0.9983
2713258;0.9983
2717824;0.9984
2728900;0.9984
2745304;0.9979
2755731;0.998
2762828;0.998
2776564;0.998
2788157;0.998
2805489;0.9976
2817784;0.9972
2826219;0.9965
2837426;0.9959
2841175;0.9959
2857120;0.9961
2873201;0.9961
2881090;0.9969
2902076;0.9976
2913943;0.9974
2932595;0.9973
2943560;0.9973
2952700;0.9973
2961733;0.9973
2972313;0.9949
2985052;0.9978
2998097;0.9978
3008810;0.9987
3018908;0.9985
3039919;0.9976
3050023;0.9975
3062784;0.9975
3070056;0.9975
3079370;0.9975
3088261;0.9975
3096895;0.9977
3106974;0.9979
3118513;0.998
3128762;0.9988
3143422;0.9991
3156216;0.9992
3163209;0.9992
3175121;0.9992
3186933;0.9993
3197173;0.9984
3209967;0.9986
3219194;FOUND
