10100;START
10100;0.8104
10200;0.8104
10300;0.8104
10406;0.8104
10506;0.8104
10606;0.8104
10706;0.8104
10806;0.8104
10906;0.8104
11006;0.8104
11106;0.8104
11206;0.8104
11306;0.8104
11406;0.8104
11506;0.8104
11606;0.891
11706;0.9126
11806;0.9058
11906;0.9202
12006;0.8793
12106;0.9126
12206;0.9114
12306;0.9057
12406;0.9142
12506;0.9167
12606;0.9019
12731;0.8932
12834;0.9004
12934;0.9164
13034;0.934
13134;0.9297
13234;0.9251
13334;0.919
13434;0.9243
13534;0.9429
13634;0.9445
13734;0.9454
13834;0.9446
13934;0.9382
14034;0.939
14134;0.9362
14234;0.943
14334;0.9449
14434;0.9453
14534;0.9502
14634;0.9366
14734;0.9547
14834;0.952
14934;0.9537
15034;0.9465
15134;0.9484
15234;0.957
15334;0.9575
15434;0.9572
15534;0.9569
15634;0.9568
15734;0.9481
15834;0.9475
15934;0.9505
16034;0.9552
16134;0.9521
16234;0.9567
16334;0.958
16434;0.9552
16534;0.9556
16634;0.953
16734;0.957
16834;0.9552
16934;0.9606
17034;0.9588
17134;0.9598
17234;0.9626
17334;0.9481
17434;0.9597
17534;0.9605
17634;0.9611
17734;0.9621
17834;0.9621
17934;0.9614
18034;0.9636
18134;0.9615
18234;0.961
18334;0.9626
18434;0.964
18534;0.9644
18634;0.9634
18734;0.9604
18834;0.9651
18934;0.9636
19034;0.9559
19134;0.9525
19234;0.9551
19334;0.9654
19434;0.9657
19534;0.9656
19634;0.9663
19734;0.9656
19834;0.9641
19934;0.9678
20034;0.9666
20134;0.9675
20234;0.9665
20334;0.9627
20434;0.9616
20534;0.9662
20634;0.9659
20734;0.9672
20834;0.9622
20934;0.9664
21034;0.9636
21134;0.9648
21234;0.952
21334;0.9648
21434;0.9589
21534;0.9575
21634;0.9615
21734;0.965
21834;0.9551
21934;0.959
22034;0.9664
22134;0.9667
22234;0.9634
22334;0.9683
22434;0.949
22534;0.9626
22634;0.9696
22734;0.9669
22834;0.968
22934;0.9691
23034;0.963
23134;0.9688
23234;0.9713
23334;0.9707
23434;0.9703
23534;0.9674
23634;0.9684
23734;0.9678
23834;0.9678
23934;0.9693
24034;0.9694
24134;0.9696
24234;0.9652
24334;0.9674
24434;0.9691
24534;0.9648
24634;0.9703
24734;0.9722
24834;0.9664
24934;0.9629
25034;0.9666
25134;0.9719
25234;0.9718
25334;0.9715
25434;0.9705
25534;0.9672
25634;0.9603
25734;0.9706
25834;0.968
25934;0.9692
26034;0.9684
26134;0.9684
26234;0.9696
26334;0.9693
26434;0.9697
26534;0.9682
26634;0.9661
26734;0.9711
26834;0.9717
26934;0.9708
27034;0.9715
27134;0.9701
27234;0.9677
27334;0.9716
27434;0.971
27534;0.9705
27634;0.9669
27734;0.9622
27834;0.9694
27934;0.9694
28034;0.9668
28134;0.9715
28234;0.9709
28334;0.9706
28434;0.9709
28534;0.969
28634;0.9677
28734;0.9714
28834;0.9694
28934;0.9665
29034;0.9651
29134;0.9648
29234;0.9715
29334;0.9682
29434;0.9709
29534;0.9708
29634;0.9707
29734;0.9705
29834;0.9704
29934;0.9698
30034;0.9679
30134;0.9685
30234;0.9721
30334;0.9708
30434;0.9681
30534;0.9711
30634;0.9708
30737;0.9723
30837;0.9728
30937;0.9722
31037;0.9727
31137;0.9713
31237;0.9726
31337;0.9715
31437;0.9713
31537;0.9716
31637;0.9729
31737;0.9732
31837;0.9733
31937;0.9717
32037;0.9709
32137;0.9709
32237;0.9711
32337;0.9711
32437;0.9709
32537;0.9704
32637;0.9712
32737;0.9701
32837;0.9635
32937;0.9709
33037;0.9687
33137;0.9681
33237;0.9681
33337;0.9727
33437;0.9708
33537;0.9711
33637;0.9712
33737;0.9738
33837;0.9735
33937;0.9719
34037;0.9739
34137;0.9729
34237;0.9731
34337;0.9735
34437;0.9733
34537;0.973
34637;0.9736
34737;0.9732
34837;0.9731
34937;0.9731
35037;0.9729
35137;0.973
35237;0.9689
35337;0.9695
35437;0.9723
35540;0.9715
35640;0.9694
35740;0.9722
35840;0.9732
35940;0.9674
36040;0.9615
36140;0.9656
36240;0.9689
36340;0.9725
36440;0.9678
36540;0.9678
36640;0.9692
36740;0.9693
36840;0.9727
36940;0.9665
37040;0.9685
37140;0.9708
37240;0.9717
37340;0.9693
37440;0.9691
37540;0.972
37640;0.9635
2865426;FOUND
