10100;START
10100;0.8037
10200;0.8037
10300;0.8037
10400;0.8037
10500;0.8037
10600;0.8037
10700;0.8037
10800;0.8037
10900;0.8037
11000;0.8037
11100;0.8037
11200;0.8042
11300;0.897
11400;0.8876
11500;0.9196
11600;0.9181
11700;0.9109
11800;0.9248
11900;0.9244
12000;0.9237
12100;0.9171
12200;0.9261
12300;0.9151
12400;0.9361
12500;0.9328
12600;0.9155
12700;0.9317
12800;0.9427
12900;0.9385
13000;0.9373
13100;0.9334
13200;0.9396
13300;0.9349
13400;0.9331
13500;0.9382
13600;0.943
13700;0.9445
13800;0.9326
13900;0.9492
14000;0.9363
14100;0.9459
14200;0.9481
14300;0.9475
14400;0.9486
14500;0.9444
14600;0.9493
14700;0.951
14800;0.9483
14900;0.9532
15000;0.9538
15100;0.9547
15200;0.9524
15300;0.9548
15400;0.9524
15500;0.9517
15600;0.938
15700;0.9564
15800;0.9547
15900;0.9557
16000;0.958
16100;0.9582
16200;0.9558
16300;0.957
16400;0.9556
16500;0.9562
16600;0.9561
16700;0.955
16800;0.9423
16900;0.9535
17000;0.9558
17100;0.957
17200;0.9558
17300;0.9563
17400;0.9593
17500;0.9579
17600;0.957
17700;0.9583
17800;0.9559
17900;0.9592
18000;0.959
18100;0.9593
18200;0.9603
18300;0.9598
18400;0.9599
18500;0.9607
18600;0.9567
18700;0.9593
18800;0.9561
18900;0.9588
19000;0.9557
19100;0.9544
19200;0.9543
19300;0.9563
19400;0.9562
19500;0.95
19600;0.9465
19700;0.9418
19800;0.9472
19900;0.956
20000;0.9601
20100;0.9608
20200;0.9602
20300;0.9593
20400;0.9583
20500;0.9592
20600;0.9485
20700;0.9611
20800;0.9619
20900;0.9608
21000;0.9613
21100;0.9615
21200;0.9606
21300;0.9604
21400;0.9532
21500;0.9496
21600;0.9625
21700;0.9614
21800;0.9603
21900;0.9619
22000;0.9622
22100;0.9604
22200;0.9615
22300;0.962
22400;0.9616
22500;0.9557
22600;0.9577
22700;0.9538
22800;0.9627
22900;0.9613
23000;0.9627
23100;0.9629
23200;0.9585
23300;0.9621
23400;0.9626
23500;0.9623
23600;0.9528
23700;0.9605
23800;0.9569
23900;0.9604
24000;0.9578
24100;0.9614
24200;0.9603
24300;0.9591
24400;0.9639
24500;0.9646
24600;0.9657
24700;0.9644
24800;0.9643
24900;0.9636
25000;0.9647
25100;0.9641
25200;0.9632
25300;0.9575
25400;0.96
25500;0.9643
25600;0.9625
25700;0.9594
25800;0.9629
25900;0.9673
26000;0.9665
26100;0.9642
26200;0.9648
26300;0.9637
26400;0.9618
26500;0.9649
26600;0.964
26700;0.9632
26800;0.9629
26900;0.9505
27000;0.9485
27100;0.9636
27200;0.9573
27300;0.9633
27400;0.9634
27500;0.9533
27600;0.9606
27700;0.9638
27800;0.9619
27900;0.9615
28000;0.9616
28100;0.9628
28200;0.9633
28300;0.9653
28400;0.9658
28500;0.9663
28600;0.9658
28700;0.9655
28800;0.9649
28900;0.9626
29000;0.9666
29100;0.9656
29200;0.9607
29300;0.9597
29400;0.9657
29500;0.9606
29600;0.962
29700;0.9662
29800;0.9674
29900;0.967
30000;0.9672
30100;0.9599
30200;0.9662
30300;0.9428
30400;0.9657
30500;0.9656
30600;0.9614
30700;0.9613
30800;0.9658
30900;0.9635
31000;0.9599
31100;0.9591
31200;0.9635
31300;0.9645
31400;0.9653
31500;0.964
31600;0.9617
31700;0.9567
31800;0.9645
31900;0.965
32000;0.9649
32100;0.9648
32200;0.9646
32300;0.9572
32400;0.9651
32500;0.9651
32600;0.9654
32700;0.9612
32800;0.9665
32900;0.9659
33000;0.965
33100;0.9644
33200;0.9671
33300;0.9667
33400;0.9674
33500;0.9675
33600;0.9674
33700;0.9676
33800;0.9679
33900;0.9666
34000;0.9645
34100;0.9669
34200;0.9674
34300;0.9674
34400;0.9676
34500;0.9664
34600;0.9639
34700;0.9635
34800;0.9658
34900;0.9644
35000;0.9628
35100;0.9569
35200;0.9339
35300;0.967
35400;0.9641
35500;0.9669
35600;0.9661
35700;0.9661
35800;0.9654
35900;0.9647
36000;0.9638
36100;0.9625
36200;0.9663
36300;0.9646
36400;0.9553
36500;0.9662
36600;0.9657
36700;0.9653
36800;0.9638
36900;0.9632
37000;0.9631
37100;0.9652
37200;0.9656
37300;0.9646
37400;0.9659
37500;0.9683
37600;0.9681
37700;0.9646
37800;0.9626
37900;0.9655
38000;0.9664
38100;0.9645
38200;0.9661
38300;0.9651
38400;0.9624
38500;0.9666
38600;0.9678
38700;0.9689
38800;0.9674
38900;0.9689
39000;0.9686
39100;0.9688
39200;0.9691
39300;0.9661
39400;0.9648
39500;0.9646
39600;0.9651
39700;0.9676
39800;0.9665
39900;0.968
40000;0.9688
40100;0.9681
40200;0.968
40300;0.968
40400;0.9675
40500;0.9674
40600;0.9666
40700;0.9648
40800;0.9647
1619616;FOUND
