10100;START
10100;0.8075
10200;0.8075
10300;0.8075
10400;0.8075
10500;0.8075
10600;0.8075
10700;0.8075
10800;0.8075
10900;0.8075
11000;0.8075
11100;0.8075
11200;0.8075
11300;0.9005
11400;0.8709
11500;0.8362
11600;0.9069
11700;0.926
11800;0.9255
11900;0.8983
12000;0.926
12100;0.9321
12200;0.928
12300;0.9281
12400;0.917
12500;0.9271
12600;0.9303
12700;0.9351
12800;0.9413
12900;0.9399
13000;0.9385
13100;0.9409
13200;0.9128
13300;0.922
13400;0.9206
13500;0.9069
13600;0.9481
13700;0.9343
13800;0.938
13900;0.9426
14000;0.945
14100;0.9451
14200;0.9461
14300;0.9442
14400;0.9493
14500;0.936
14600;0.9396
14700;0.9498
14800;0.9524
14900;0.9554
15000;0.9509
15100;0.9556
15200;0.956
15300;0.954
15400;0.9525
15500;0.9558
15600;0.9463
15700;0.9501
15800;0.9552
15900;0.958
16000;0.9569
16100;0.9537
16200;0.9492
16300;0.9594
16400;0.9582
16500;0.9591
16600;0.9608
16700;0.9591
16800;0.9573
16900;0.9562
17000;0.9554
17100;0.9533
17200;0.9567
17300;0.953
17400;0.9501
17500;0.9519
17600;0.9543
17700;0.9566
17800;0.9528
17900;0.9499
18000;0.9538
18100;0.9597
18200;0.9608
18300;0.9627
18400;0.9556
18500;0.9609
18600;0.9615
18700;0.9624
18800;0.9635
18900;0.9629
19000;0.963
19100;0.9639
19200;0.9641
19300;0.963
19400;0.9382
19500;0.965
19600;0.9615
19700;0.9624
19800;0.963
19900;0.9629
20000;0.9633
20100;0.9645
20200;0.9596
20300;0.9631
20400;0.9655
20500;0.9653
20600;0.964
20700;0.9641
20800;0.9647
20900;0.965
21000;0.966
21100;0.9652
21200;0.9578
21300;0.9498
21400;0.9656
21500;0.9623
21600;0.9632
21700;0.9637
21800;0.9642
21900;0.964
22000;0.9658
22100;0.9657
22200;0.9674
22300;0.9657
22400;0.9683
22500;0.9644
22600;0.9636
22700;0.9669
22800;0.9676
22900;0.9676
23000;0.9667
23100;0.9658
23200;0.966
23300;0.9657
23400;0.9654
23500;0.9647
23600;0.9655
23700;0.9653
23800;0.9685
23900;0.9685
24000;0.9649
24100;0.9679
24200;0.9675
24300;0.9678
24400;0.9677
24500;0.9693
24600;0.9676
24700;0.9686
24800;0.9681
24900;0.9654
25000;0.965
25100;0.9678
25200;0.9665
25300;0.9646
25400;0.9676
25500;0.9648
25600;0.9645
25700;0.9681
25800;0.9676
25900;0.9683
26000;0.9675
26100;0.9665
26200;0.9664
26300;0.9679
26400;0.9679
26500;0.9671
26600;0.9678
26700;0.9664
26800;0.9668
26900;0.9669
27000;0.9659
27100;0.9657
27200;0.9661
27300;0.9669
27400;0.9676
27500;0.9661
27600;0.9667
27700;0.9669
27800;0.966
27900;0.9639
28000;0.9678
28100;0.9689
28200;0.9688
28300;0.9673
28400;0.9684
28500;0.9685
28600;0.9663
28700;0.969
28800;0.9646
28900;0.963
29000;0.9649
29100;0.96
29200;0.9593
29300;0.9585
29400;0.9674
29500;0.9581
29600;0.9689
29700;0.9675
29800;0.9666
29900;0.9663
30000;0.9688
30100;0.969
30200;0.9683
30300;0.9673
30400;0.9685
30500;0.9686
30600;0.9643
30700;0.9637
30800;0.964
30900;0.9594
31000;0.9609
31100;0.9644
31200;0.962
31300;0.958
31400;0.9694
31500;0.9689
31600;0.9693
31700;0.9666
31800;0.9686
31900;0.9687
32000;0.9691
32100;0.9528
32200;0.9691
32300;0.9681
32400;0.9688
32500;0.9692
32600;0.9676
32700;0.9694
32800;0.9699
32900;0.9704
33000;0.9619
33100;0.9675
33200;0.9682
33300;0.9666
33400;0.9697
33500;0.9682
33600;0.968
33700;0.9699
33800;0.97
33900;0.9706
34000;0.9685
34100;0.9646
34200;0.971
34300;0.9695
34400;0.9696
34500;0.9693
34600;0.9694
34700;0.9695
34800;0.9695
34900;0.9696
35000;0.9703
35100;0.97
35200;0.9711
35300;0.971
35400;0.9709
35500;0.971
35600;0.9627
35700;0.9663
35800;0.9691
35900;0.9699
36000;0.9694
36100;0.9686
36200;0.9683
36300;0.9665
36400;0.9664
36500;0.9677
36600;0.9662
36700;0.9683
36800;0.9691
36900;0.9698
37000;0.97
37100;0.9681
37200;0.9696
37300;0.9644
37400;0.9697
37500;0.9703
37600;0.9706
37700;0.9711
37800;0.971
37900;0.9683
38000;0.97
38100;0.9698
38200;0.9687
38300;0.9697
38400;0.969
38500;0.969
38600;0.9683
38700;0.97
38800;0.9686
38900;0.9651
39000;0.9657
39100;0.9692
39200;0.9709
39300;0.9706
39400;0.9689
39500;0.9693
39600;0.9696
39700;0.969
39800;0.9688
39900;0.9682
40000;0.9672
40100;0.9689
40200;0.9686
40300;0.969
40400;0.969
40500;0.97
40600;0.9701
40700;0.9691
40800;0.9684
40900;0.9688
41000;0.9694
41100;0.9676
41200;0.9701
41300;0.9696
41400;0.9695
41500;0.9696
41600;0.9691
41700;0.9671
477554;FOUND
