10100;START
10100;0.8055
10200;0.8055
10300;0.8055
10400;0.8055
10500;0.8055
10600;0.8055
10700;0.8055
10800;0.8055
10900;0.8055
11000;0.8055
11100;0.8055
11200;0.8055
11300;0.8055
11400;0.8055
11500;0.8055
11600;0.8055
11700;0.8055
11800;0.8055
11900;0.9201
12000;0.9167
12100;0.9164
12200;0.897
12300;0.9213
12400;0.938
12500;0.9503
12600;0.947
12700;0.8901
12800;0.9238
12900;0.9438
13000;0.941
13100;0.9443
13200;0.9259
13300;0.9464
13400;0.9438
13500;0.9467
13600;0.9452
13700;0.9467
13800;0.9441
13900;0.9403
14000;0.9416
14100;0.9415
14200;0.9471
14300;0.9312
14400;0.9398
14500;0.9522
14600;0.954
14700;0.9563
14800;0.956
14900;0.9457
15000;0.9538
15100;0.9505
15200;0.9519
15300;0.9535
15400;0.9578
15500;0.9565
15600;0.9571
15700;0.9601
15800;0.9514
15900;0.9602
16000;0.9595
16100;0.9568
16200;0.9592
16300;0.9553
16400;0.952
16500;0.951
16600;0.9612
16700;0.9595
16800;0.9585
16900;0.9555
17000;0.9593
17100;0.9472
17200;0.9547
17300;0.9596
17400;0.9533
17500;0.9581
17600;0.9557
17700;0.9576
17800;0.955
17900;0.9565
18000;0.9549
18100;0.9576
18200;0.9613
18300;0.9609
18400;0.9607
18500;0.9581
18600;0.9586
18700;0.9588
18800;0.9595
18900;0.9573
19000;0.9599
19100;0.9614
19200;0.9598
19300;0.9632
19400;0.9635
19500;0.9631
19600;0.9656
19700;0.9598
19800;0.9516
19900;0.9637
20000;0.9634
20100;0.9619
20200;0.9601
20300;0.9655
20400;0.963
20500;0.9631
20600;0.9651
20700;0.9631
20800;0.9646
20900;0.9618
21000;0.9606
21100;0.9614
21200;0.9561
21300;0.9594
21400;0.9642
21500;0.9638
21600;0.9646
21700;0.9613
21800;0.9641
21900;0.9649
22000;0.965
22100;0.965
22200;0.9649
22300;0.9651
22400;0.9651
22500;0.9657
22600;0.9659
22700;0.9664
22800;0.9668
22900;0.9662
23000;0.9666
23100;0.9651
23200;0.9651
23300;0.9653
23400;0.9656
23500;0.9652
23600;0.9649
23700;0.9645
23800;0.9567
23900;0.9652
24000;0.9514
24100;0.9585
24200;0.9548
24300;0.9629
24400;0.9616
24500;0.9662
24600;0.9611
24700;0.9634
24800;0.968
24900;0.9688
25000;0.9681
25100;0.9658
25200;0.9685
25300;0.9686
25400;0.9678
25500;0.968
25600;0.9685
25700;0.9654
25800;0.9617
25900;0.968
26000;0.9676
26100;0.9679
26213;0.9683
26313;0.968
26413;0.9679
26513;0.9607
26613;0.9611
26713;0.9676
26813;0.9679
26913;0.9684
27013;0.9679
27113;0.9644
27213;0.9632
27313;0.9669
27413;0.9648
27513;0.967
27613;0.9677
27713;0.9675
27813;0.9683
27913;0.9679
28013;0.9689
28113;0.9694
28213;0.9654
28313;0.9631
28413;0.9667
28513;0.9589
28613;0.9632
28713;0.9663
28813;0.9695
28913;0.9699
29013;0.9689
29113;0.9673
29213;0.9684
29313;0.9626
29413;0.9672
29513;0.9646
29613;0.9666
29713;0.9632
29813;0.9675
29913;0.9689
30013;0.9635
30113;0.9664
30213;0.9662
30313;0.9665
30413;0.9648
30513;0.9674
30613;0.9642
30713;0.9608
30813;0.9629
30913;0.9648
31013;0.9592
31113;0.9645
31213;0.9615
31313;0.9619
31413;0.9604
31513;0.9664
31613;0.9681
31713;0.9647
31813;0.9661
31913;0.9684
32013;0.9687
32113;0.9683
32213;0.9709
32313;0.9667
32413;0.9685
32513;0.961
32613;0.9656
32713;0.9654
32813;0.9627
32913;0.9616
33013;0.9616
33113;0.9652
33213;0.9641
33313;0.9616
33413;0.9649
33513;0.9607
33613;0.9677
33713;0.9664
33813;0.9656
33913;0.967
34013;0.9681
34113;0.967
34213;0.9696
34313;0.9692
34413;0.9697
34513;0.9697
34613;0.9696
34713;0.9696
34813;0.9714
34913;0.9706
35013;0.9725
35113;0.971
35213;0.9718
35313;0.9707
35413;0.9719
35513;0.9725
35613;0.9726
35713;0.9721
35813;0.9661
35913;0.9707
36013;0.9714
36113;0.9705
36213;0.9727
36313;0.9728
36413;0.9708
36513;0.9712
36613;0.9714
36713;0.9728
36813;0.9735
36913;0.9667
37013;0.9693
37113;0.9708
37213;0.9719
37313;0.97
37413;0.9709
37513;0.9663
1185585;FOUND
