10100;START
10100;0.813
10200;0.813
10300;0.813
10400;0.813
10500;0.813
10600;0.813
10700;0.813
10800;0.813
10900;0.813
11000;0.813
11100;0.813
11200;0.813
11300;0.813
11400;0.813
11500;0.813
11600;0.813
11700;0.813
11800;0.813
11900;0.813
12000;0.8949
12100;0.9136
12200;0.9226
12300;0.9168
12400;0.9117
12500;0.9206
12600;0.9142
12700;0.9378
12800;0.9228
12900;0.9182
13000;0.9227
13100;0.9176
13200;0.915
13300;0.9256
13400;0.9224
13500;0.9231
13600;0.9413
13700;0.9395
13800;0.9271
13900;0.9083
14000;0.9302
14100;0.9449
14200;0.9362
14300;0.9453
14400;0.9248
14500;0.9463
14600;0.923
14700;0.9291
14800;0.9271
14900;0.8992
15000;0.9368
15100;0.9504
15200;0.9307
15300;0.9318
15400;0.9439
15500;0.9358
15600;0.9486
15700;0.9562
15800;0.9488
15900;0.9436
16000;0.9573
16100;0.9577
16200;0.9567
16300;0.9523
16400;0.9524
16500;0.9575
16600;0.9554
16700;0.9586
16800;0.9615
16900;0.9615
17000;0.9637
17100;0.954
17200;0.963
17300;0.9631
17400;0.9514
17500;0.9612
17600;0.956
17700;0.9566
17800;0.9604
17900;0.9613
18000;0.9578
18100;0.9585
18200;0.9619
18300;0.9613
18400;0.9537
18500;0.9452
18600;0.9522
18700;0.9522
18800;0.9541
18900;0.9577
19000;0.9611
19100;0.9623
19200;0.9525
19300;0.9528
19400;0.9625
19500;0.957
19600;0.9525
19700;0.9446
19800;0.953
19900;0.9474
20000;0.9504
20100;0.9486
20200;0.9613
20300;0.9413
20400;0.9617
20500;0.967
20600;0.9649
20700;0.9668
20800;0.9711
20900;0.9658
21000;0.9508
21100;0.9641
21200;0.9535
21300;0.9507
21400;0.9699
21500;0.9725
21600;0.9676
21700;0.9722
21800;0.9654
21900;0.962
22000;0.9495
22100;0.9596
22200;0.9645
22300;0.963
22400;0.9605
22500;0.9591
22600;0.9655
22700;0.964
22800;0.9643
22900;0.9642
23000;0.9671
23100;0.963
23200;0.9614
23300;0.9621
23400;0.9615
23500;0.965
23600;0.965
23700;0.9649
23800;0.9653
23900;0.9692
24000;0.9699
24100;0.9708
24200;0.969
24300;0.968
24400;0.9688
24500;0.9619
24600;0.9655
24700;0.9679
24800;0.9705
24900;0.9697
25000;0.9699
25100;0.9708
25200;0.9703
25300;0.9688
25400;0.9629
25500;0.9722
25600;0.9634
25700;0.9659
25800;0.9703
25900;0.9723
26000;0.9727
26100;0.9731
26200;0.9696
26300;0.9737
26400;0.9726
26500;0.9726
26600;0.9698
26700;0.9723
26800;0.9737
26900;0.9748
27000;0.9719
27100;0.9693
27200;0.963
27300;0.9685
27400;0.9599
27500;0.9629
27600;0.9663
27700;0.9725
27800;0.97
27900;0.9566
28000;0.9721
28100;0.9738
28200;0.9711
28300;0.9689
28400;0.9706
28500;0.9695
28600;0.967
28700;0.9659
28800;0.969
28900;0.9678
29000;0.9665
29100;0.9638
29200;0.9643
29300;0.9701
29400;0.9741
29500;0.9738
29600;0.9738
29700;0.9737
29800;0.9728
29900;0.9722
30000;0.9724
30100;0.9709
30200;0.9725
30300;0.9721
30400;0.959
30500;0.9608
30600;0.9611
30700;0.9567
30800;0.9702
30900;0.9692
31000;0.9709
31100;0.9689
31200;0.9696
31300;0.9711
31400;0.9671
31500;0.973
31600;0.9731
31700;0.969
31800;0.9713
31900;0.9701
32000;0.9627
32100;0.9658
32200;0.963
32300;0.9656
32400;0.9712
32500;0.9713
32600;0.9715
32700;0.972
32800;0.9714
32900;0.9723
33000;0.9712
33100;0.9673
33200;0.9671
33300;0.9682
33400;0.9652
33500;0.9662
33600;0.9649
33700;0.9593
33800;0.9655
2974722;FOUND
