10100;START
10100;0.8
10200;0.8
10300;0.8
10400;0.8
10500;0.8
10600;0.8
10700;0.8
10800;0.8
10900;0.8
11000;0.8
11100;0.8
11200;0.8
11300;0.8
11400;0.8
11500;0.8
11600;0.8559
11700;0.9174
11800;0.9242
11900;0.9072
12000;0.9217
12100;0.9081
12200;0.9197
12300;0.9117
12400;0.8991
12500;0.9172
12600;0.9148
12700;0.9222
12800;0.9346
12900;0.9355
13000;0.9358
13100;0.9303
13200;0.9351
13300;0.9387
13400;0.9373
13500;0.9363
13600;0.9344
13700;0.9413
13800;0.9415
13900;0.943
14000;0.9348
14100;0.9297
14200;0.9478
14300;0.9467
14400;0.9447
14500;0.9475
14600;0.9475
14700;0.947
14800;0.9522
14900;0.9511
15000;0.9537
15100;0.9492
15200;0.9515
15300;0.9539
15400;0.9544
15500;0.9529
15600;0.9538
15700;0.9507
15800;0.9509
15900;0.9354
16000;0.9536
16100;0.952
16200;0.9482
16300;0.9409
16400;0.9459
16500;0.9423
16600;0.9555
16700;0.9564
16800;0.9559
16900;0.9566
17000;0.9578
17100;0.9545
17200;0.9578
17300;0.9532
17400;0.9552
17500;0.9555
17600;0.9548
17700;0.9549
17800;0.9536
17900;0.9559
18000;0.958
18100;0.9459
18200;0.9471
18300;0.9396
18400;0.9336
18500;0.9593
18600;0.9594
18700;0.9577
18800;0.9509
18900;0.9554
19000;0.9614
19100;0.958
19200;0.9591
19300;0.9598
19400;0.958
19500;0.9613
19600;0.9568
19700;0.957
19800;0.9613
19900;0.9611
20000;0.9595
20100;0.96
20200;0.9578
20300;0.9568
20400;0.9579
20500;0.9583
20600;0.9564
20700;0.9591
20800;0.9593
20900;0.9595
21000;0.9602
21100;0.9596
21200;0.9598
21300;0.9597
21400;0.9597
21500;0.9483
21600;0.9596
21700;0.9593
21800;0.9565
21900;0.9541
22000;0.9609
22100;0.9601
22200;0.9592
22300;0.9442
22400;0.948
22500;0.9508
22600;0.9523
22700;0.953
22800;0.9588
22900;0.9615
23000;0.9626
23100;0.9626
23200;0.9639
23300;0.9642
23400;0.963
23500;0.9593
23600;0.9595
23700;0.966
23800;0.9654
23900;0.9638
24000;0.9636
24100;0.958
24200;0.9644
24300;0.9609
24400;0.9657
24500;0.9668
24600;0.9638
24700;0.9637
24800;0.9667
24900;0.9668
25000;0.9661
25100;0.9658
25200;0.9642
25300;0.9632
25400;0.9643
25500;0.9641
25600;0.9623
25700;0.9651
25800;0.9661
25900;0.9664
26000;0.9651
26100;0.9662
26200;0.9664
26300;0.9663
26400;0.9556
26500;0.9465
26600;0.9529
26700;0.9608
26800;0.9606
26900;0.9624
27000;0.9644
27100;0.9637
27200;0.9628
27300;0.9646
27400;0.9607
27500;0.9558
27600;0.9602
27700;0.9645
27800;0.9641
27900;0.9638
28000;0.9646
28100;0.9613
28200;0.9569
28300;0.9579
28400;0.9663
28500;0.967
28600;0.9662
28700;0.9644
28800;0.9635
28900;0.9655
29000;0.9652
29100;0.9657
29200;0.9664
29300;0.9667
29400;0.9655
29500;0.9639
29600;0.9651
29700;0.9643
29800;0.9646
29900;0.9649
30000;0.9648
30100;0.9652
30200;0.9614
30300;0.9545
30400;0.9542
30500;0.9604
30600;0.9669
30700;0.9636
30800;0.954
30900;0.9652
31000;0.9664
31100;0.9665
31200;0.9665
31300;0.965
31400;0.9643
31500;0.9643
31600;0.9661
31700;0.9667
31800;0.9639
31900;0.9663
32000;0.9625
32100;0.9621
32200;0.9653
32300;0.9626
32400;0.967
32500;0.964
32600;0.9644
32700;0.9682
32800;0.9674
32900;0.9679
33000;0.9678
33100;0.9676
33200;0.9673
33300;0.9688
33400;0.9683
33500;0.9692
33600;0.9668
33700;0.965
33800;0.9641
33900;0.9667
34000;0.9681
34100;0.9661
34200;0.9648
34300;0.9653
34400;0.9603
34500;0.9518
34600;0.9632
34700;0.9666
34800;0.9671
34900;0.9669
35000;0.9663
35100;0.9647
35200;0.9672
35300;0.967
35400;0.9669
35500;0.9666
35600;0.9668
35700;0.9669
35800;0.9669
35900;0.9668
36000;0.9669
36100;0.9671
36200;0.967
36300;0.9673
36400;0.9671
36500;0.9677
36600;0.9594
36700;0.965
36800;0.9652
36900;0.9646
37000;0.9612
37100;0.963
37200;0.9673
37300;0.9675
37400;0.9678
37500;0.9674
37600;0.9629
37700;0.9588
37800;0.9597
37900;0.9621
38000;0.9641
38100;0.9565
38200;0.969
38300;0.9681
38400;0.9633
38500;0.9632
38600;0.9673
38700;0.9629
38800;0.9661
38900;0.9659
39000;0.9655
39100;0.9673
39200;0.964
39300;0.9692
39400;0.9688
39500;0.9696
39600;0.9685
39700;0.9676
39800;0.9686
39900;0.9679
40000;0.9685
40100;0.9684
40200;0.9695
40300;0.9695
40400;0.9698
40500;0.9692
40600;0.9697
40700;0.9687
40800;0.9691
40900;0.9706
41000;0.9709
41100;0.9708
41200;0.9706
41300;0.9707
41400;0.9709
41500;0.9705
41600;0.9707
41700;0.9705
41800;0.971
41900;0.9684
42000;0.9634
42100;0.9626
42200;0.9626
42300;0.9712
42400;0.9709
42500;0.9712
42600;0.9694
42700;0.9625
42800;0.9655
42900;0.9694
43000;0.9714
43100;0.971
43200;0.9704
43300;0.9707
43400;0.9712
43500;0.9703
43600;0.9668
43700;0.9631
43800;0.9613
43900;0.9632
44000;0.9678
44100;0.9677
44200;0.9692
44300;0.9707
44400;0.9702
44500;0.9649
44600;0.9618
44700;0.9691
44800;0.9701
44900;0.9712
45000;0.9707
45100;0.9699
45200;0.9649
1591860;FOUND
