10100;START
10100;0.8116
10200;0.8116
10300;0.8116
10400;0.8116
10500;0.8116
10600;0.8116
10700;0.8116
10800;0.8116
10900;0.8116
11000;0.8116
11100;0.8116
11200;0.8116
11300;0.8116
11400;0.896
11500;0.9055
11607;0.853
11707;0.9183
11807;0.912
11907;0.9172
12007;0.9168
12107;0.9153
12207;0.9263
12307;0.9188
12407;0.9331
12507;0.9378
12607;0.9296
12707;0.9372
12807;0.9453
12907;0.9236
13007;0.9544
13107;0.9547
13207;0.9483
13307;0.9536
13407;0.9458
13507;0.9592
13607;0.9439
13707;0.9477
13807;0.9587
13907;0.913
14007;0.9535
14107;0.9632
14207;0.9547
14307;0.9601
14407;0.957
14507;0.9626
14607;0.9494
14707;0.957
14807;0.9501
14907;0.9482
15007;0.9502
15107;0.9392
15207;0.9589
15307;0.9576
15407;0.9618
15507;0.9637
15607;0.9613
15707;0.9517
15807;0.9634
15907;0.9635
16007;0.9478
16107;0.9624
16207;0.9624
16307;0.9583
16407;0.9645
16507;0.9581
16607;0.9642
16707;0.9637
16807;0.9503
16907;0.9651
17007;0.9646
17107;0.9659
17207;0.9616
17307;0.9609
17407;0.964
17507;0.9664
17607;0.9666
17707;0.9675
17807;0.9629
17907;0.9554
18007;0.9597
18107;0.9589
18207;0.964
18307;0.9592
18407;0.9648
18507;0.9647
18607;0.9596
18707;0.9404
18807;0.9485
18907;0.935
19007;0.9526
19107;0.9599
19207;0.9682
19307;0.9695
19407;0.9678
19507;0.9693
19607;0.9664
19707;0.9638
19807;0.9696
19907;0.968
20007;0.9674
20107;0.9654
20207;0.9692
20307;0.966
20407;0.9697
20507;0.9692
20607;0.9694
20707;0.9689
20807;0.963
20907;0.9705
21007;0.9641
21107;0.9705
21207;0.9692
21307;0.9666
21407;0.9654
21507;0.9697
21607;0.9703
21707;0.9697
21807;0.9715
21907;0.9567
22007;0.9686
22107;0.9626
22207;0.9694
22307;0.9695
22407;0.9736
22507;0.9657
22607;0.9713
22707;0.9752
22807;0.9749
22907;0.9632
23007;0.9754
23107;0.9763
23207;0.9743
23307;0.9739
23407;0.9731
23507;0.9682
23607;0.9633
23707;0.9747
23807;0.9738
23907;0.9748
24007;0.9725
24107;0.9718
24207;0.9728
24307;0.9757
24407;0.9681
24507;0.9719
24607;0.9748
24707;0.9568
24807;0.9742
24907;0.9712
25007;0.9732
25107;0.9685
25207;0.9745
25307;0.9742
25407;0.974
25507;0.9721
25607;0.9724
25707;0.9699
25807;0.9732
25907;0.9728
26007;0.9709
26107;0.9706
26207;0.9721
26307;0.9693
26407;0.9583
26507;0.9694
26607;0.9607
26707;0.9719
26807;0.9708
26907;0.9735
27007;0.9603
27107;0.9568
27207;0.9753
27307;0.9651
27407;0.9749
27507;0.9728
27607;0.974
27707;0.9627
27807;0.9712
27907;0.9746
28007;0.9685
28107;0.9755
28207;0.9612
28307;0.9759
28407;0.9712
28507;0.9747
28607;0.9695
28707;0.9737
28807;0.9745
28907;0.9749
29007;0.9741
29107;0.9747
29207;0.9773
29307;0.9743
29407;0.9781
29507;0.9781
29607;0.977
29707;0.9735
29807;0.9674
29907;0.9724
30007;0.9738
30107;0.9772
30207;0.9792
30307;0.9805
30407;0.9727
30507;0.9788
30607;0.9784
30707;0.9697
30807;0.9792
30907;0.9687
31007;0.9737
31107;0.9804
31207;0.9798
31307;0.9796
31407;0.9792
31507;0.9768
31607;0.9722
31707;0.9784
31807;0.9801
31907;0.9788
32007;0.9818
32107;0.9807
32207;0.9785
32307;0.9749
32407;0.9803
32507;0.9816
32607;0.9797
32707;0.9821
32807;0.9817
32907;0.9784
33007;0.9788
33107;0.9744
33207;0.9708
33307;0.9785
33407;0.9803
33507;0.9802
33607;0.9803
33707;0.9788
33807;0.9799
33907;0.9786
34007;0.9779
34107;0.9784
34207;0.9755
34307;0.9773
34407;0.9755
34507;0.9774
34607;0.966
34707;0.9621
34807;0.9736
34907;0.9713
35007;0.9677
35107;0.9761
35207;0.9751
35307;0.9757
35407;0.9713
35507;0.9715
35607;0.976
35707;0.9683
35807;0.9542
404046;FOUND
