10100;START
10100;0.8032
10200;0.8032
10300;0.8032
10400;0.8032
10500;0.8032
10600;0.8032
10700;0.8032
10800;0.8032
10900;0.8032
11000;0.8971
11100;0.9084
11200;0.9078
11300;0.9116
11400;0.9184
11500;0.9166
11600;0.9142
11700;0.9196
11800;0.9076
11900;0.9204
12000;0.9214
12100;0.9276
12200;0.9273
12300;0.934
12400;0.9291
12500;0.9238
12600;0.9271
12700;0.9294
12800;0.9261
12900;0.9477
13000;0.9252
13100;0.9454
13200;0.9322
13300;0.9402
13400;0.9373
13500;0.9417
13600;0.9311
13700;0.9575
13800;0.9503
13900;0.959
14000;0.9561
14100;0.9608
14200;0.9619
14300;0.9614
14400;0.9643
14500;0.9592
14600;0.9503
14700;0.9598
14800;0.9641
14900;0.963
15000;0.9623
15100;0.9622
15200;0.9626
15300;0.9631
15400;0.9624
15500;0.9604
15600;0.9621
15700;0.9624
15800;0.9547
15900;0.9623
16000;0.9668
16100;0.9608
16200;0.9513
16300;0.9643
16400;0.9608
16500;0.9665
16600;0.9674
16700;0.9699
16800;0.9692
16900;0.9695
17000;0.9704
17100;0.9689
17200;0.9679
17300;0.9713
17400;0.9736
17500;0.9682
17600;0.9661
17700;0.9654
17800;0.9642
17900;0.9701
18000;0.9631
18100;0.9734
18200;0.9714
18300;0.9516
18400;0.9739
18500;0.9721
18600;0.9707
18700;0.9677
18800;0.9696
18900;0.9571
19000;0.9701
19100;0.9722
19200;0.97
19300;0.9682
19400;0.971
19500;0.9727
19600;0.973
19700;0.9703
19800;0.971
19900;0.9714
20000;0.9746
20100;0.9751
20200;0.976
20300;0.9746
20400;0.9739
20500;0.9738
20603;0.9756
20703;0.9756
20803;0.9743
20903;0.9737
21003;0.9764
21103;0.9755
21203;0.975
21303;0.9762
21403;0.9763
21503;0.9764
21603;0.9724
21703;0.9762
21803;0.9758
21903;0.9726
22003;0.9719
22103;0.9753
22203;0.9732
22303;0.966
22403;0.9392
22503;0.9633
22603;0.9744
22703;0.9736
22803;0.9732
22903;0.9588
23003;0.9731
23103;0.9746
23203;0.9689
23303;0.9724
23403;0.9715
23503;0.9703
23615;0.9711
23715;0.965
23815;0.9618
23915;0.9674
24015;0.9625
24115;0.9684
24215;0.9742
24315;0.9742
24415;0.9769
24515;0.9777
24615;0.9723
24715;0.9728
24815;0.9753
24915;0.9767
25015;0.9765
25115;0.9736
25215;0.9762
25315;0.9771
25415;0.9768
25515;0.975
25615;0.9743
25715;0.9563
25815;0.9783
25915;0.9753
26015;0.9777
26115;0.9784
26215;0.9787
26315;0.9796
26415;0.9798
26515;0.9793
26615;0.9792
26715;0.9785
26815;0.9774
26915;0.9779
27015;0.9757
27115;0.9799
27215;0.9779
27315;0.9764
27415;0.9766
27515;0.9793
27615;0.9779
27715;0.9794
27815;0.98
27915;0.9779
28015;0.9784
28115;0.9792
28215;0.9789
28315;0.9767
28415;0.9781
28515;0.9782
28615;0.9786
28715;0.9788
28815;0.9771
28915;0.9788
29015;0.9792
29115;0.9776
29215;0.9791
29315;0.9788
29415;0.9779
29515;0.9782
29615;0.9774
29715;0.9798
29815;0.9793
29915;0.9791
30015;0.9804
30115;0.9786
30215;0.9737
30315;0.9774
30415;0.9817
30515;0.9807
30615;0.9803
30715;0.9804
30815;0.9806
30915;0.9689
31015;0.9798
31115;0.9813
31215;0.9738
31315;0.9806
31415;0.9804
31515;0.9758
31615;0.9772
31715;0.9775
31815;0.9773
31915;0.9764
32015;0.9761
32115;0.9759
32215;0.9706
32315;0.9724
32415;0.9718
32515;0.9748
32615;0.9754
32715;0.9758
32815;0.9764
32915;0.9759
33015;0.9744
33115;0.9768
33215;0.98
33315;0.9815
33415;0.9801
33515;0.9758
33615;0.9675
33715;0.9801
33815;0.9777
33915;0.98
34015;0.9778
34115;0.9779
34215;0.9736
34315;0.9789
34415;0.9759
34515;0.978
34615;0.9759
34715;0.9805
34815;0.9774
34915;0.9797
35015;0.9813
35115;0.9811
35215;0.9811
35315;0.9817
35415;0.9794
35515;0.9824
35615;0.9822
35715;0.9819
35815;0.982
35915;0.9819
36015;0.9826
36115;0.9802
36215;0.9807
36315;0.981
36415;0.9819
36515;0.9783
36615;0.9805
36715;0.9818
36815;0.9802
36915;0.9807
37015;0.9807
37115;0.9816
37215;0.9821
37315;0.9826
37415;0.98
37515;0.9813
37615;0.9732
37715;0.9627
37815;0.9791
37915;0.9802
38015;0.9708
344245;FOUND
