10100;START
10100;0.7989
10200;0.7989
10300;0.7989
10400;0.7989
10500;0.7989
10600;0.7989
10700;0.7989
10800;0.7989
10900;0.7989
11000;0.7989
11100;0.7989
11200;0.7989
11300;0.7989
11400;0.7989
11500;0.7989
11600;0.8984
11700;0.9052
11800;0.9138
11900;0.9104
12000;0.9154
12100;0.9095
12200;0.9361
12300;0.9329
12400;0.9395
12500;0.9431
12600;0.9427
12700;0.9413
12800;0.9438
12900;0.9431
13000;0.9438
13100;0.948
13200;0.9481
13300;0.941
13400;0.9414
13500;0.9469
13600;0.932
13700;0.9536
13800;0.9509
13900;0.9493
14000;0.9507
14100;0.954
14200;0.9528
14300;0.954
14400;0.9524
14500;0.9516
14600;0.9488
14700;0.9535
14800;0.9448
14900;0.9524
15000;0.9525
15100;0.9444
15200;0.9522
15300;0.9537
15400;0.9513
15500;0.9476
15600;0.9547
15700;0.9537
15800;0.9537
15900;0.9523
16000;0.9505
16100;0.9498
16200;0.9544
16300;0.9506
16400;0.9517
16500;0.9552
16600;0.9574
16700;0.9562
16800;0.9584
16900;0.9506
17000;0.9521
17100;0.9424
17200;0.9598
17300;0.9552
17400;0.9564
17500;0.9547
17600;0.9566
17700;0.9603
17800;0.9576
17900;0.9587
18000;0.9588
18100;0.9573
18200;0.9579
18300;0.9598
18400;0.9588
18500;0.9591
18600;0.9599
18700;0.9508
18800;0.9608
18900;0.9593
19000;0.9607
19100;0.9619
19200;0.9624
19300;0.9624
19400;0.9629
19500;0.9563
19600;0.9584
19700;0.9623
19800;0.9573
19900;0.9582
20000;0.96
20100;0.9627
20200;0.9591
20300;0.9579
20400;0.9472
20500;0.9605
20600;0.9606
20700;0.9614
20800;0.9622
20900;0.9592
21000;0.9573
21100;0.9603
21200;0.9589
21300;0.9537
21400;0.9591
21500;0.9601
21600;0.9583
21700;0.9555
21800;0.9581
21900;0.9625
22000;0.9585
22100;0.9618
22200;0.9615
22300;0.9612
22400;0.9525
22500;0.9456
22600;0.9596
22700;0.9611
22800;0.9623
22900;0.9622
23000;0.9617
23100;0.9615
23200;0.9616
23300;0.9618
23400;0.961
23500;0.96
23600;0.9565
23700;0.9615
23800;0.9539
23900;0.9628
24000;0.9631
24100;0.9634
24200;0.958
24300;0.9615
24400;0.9627
24500;0.9615
24600;0.9624
24700;0.9621
24800;0.9636
24900;0.9633
25000;0.9642
25100;0.9633
25200;0.9636
25300;0.9632
25400;0.9629
25500;0.9586
25600;0.962
25700;0.9629
25800;0.9634
25900;0.964
26000;0.9634
26100;0.9636
26200;0.9629
26300;0.9624
26400;0.9634
26500;0.9604
26600;0.9604
26700;0.9555
26800;0.9584
26900;0.9557
27000;0.9604
27100;0.9617
27200;0.9629
27300;0.9628
27400;0.9628
27500;0.9616
27600;0.9625
27700;0.9617
27800;0.9633
27900;0.9631
28000;0.964
28100;0.9642
28200;0.9605
28300;0.965
28400;0.9665
28500;0.9648
28600;0.9635
28700;0.9668
28800;0.9677
28900;0.9678
29000;0.9675
29100;0.967
29200;0.9667
29300;0.9667
29400;0.9645
29500;0.9659
29600;0.9662
29700;0.9647
29800;0.9635
29900;0.9649
30000;0.9654
30100;0.9652
30200;0.9639
30300;0.9624
30400;0.9619
30500;0.9597
30600;0.9651
30700;0.9647
30800;0.9649
30900;0.9655
31000;0.9663
31100;0.9656
31200;0.9659
31300;0.9647
31400;0.9668
31500;0.9655
31600;0.9659
31700;0.9662
31800;0.9659
31900;0.9596
32000;0.9536
32100;0.9597
32200;0.9652
32300;0.9654
32400;0.9651
32500;0.9654
32600;0.9625
32700;0.9617
32800;0.9631
32900;0.9603
33000;0.9637
33100;0.9654
33200;0.9652
33300;0.9654
33400;0.965
33500;0.9649
33600;0.9629
33700;0.9654
33800;0.9607
33900;0.9631
34000;0.9668
34100;0.9664
34200;0.9663
34300;0.9662
34400;0.9665
34500;0.9656
34600;0.9651
34700;0.967
34800;0.9669
34900;0.9663
35000;0.9666
35100;0.9667
35200;0.9647
35300;0.9668
35400;0.9653
35500;0.9664
35600;0.9673
35700;0.9661
35800;0.9654
35900;0.9653
36000;0.9649
36100;0.9654
36200;0.9612
36300;0.9636
36400;0.9655
36500;0.9692
36600;0.9658
36700;0.9667
36800;0.9644
36900;0.9662
37000;0.9638
37100;0.9631
37200;0.9658
37300;0.9628
37400;0.9617
37500;0.9658
37600;0.9658
37700;0.9615
37800;0.9654
37900;0.9647
38000;0.9655
38100;0.9628
38200;0.9667
38300;0.966
38400;0.9645
38500;0.964
755029;FOUND
