10100;START
10100;0.8122
10200;0.8122
10300;0.8122
10400;0.8122
10500;0.8122
10600;0.8122
10700;0.8122
10800;0.8122
10900;0.8122
11000;0.8122
11100;0.8122
11200;0.8122
11300;0.8122
11400;0.8122
11500;0.8592
11600;0.9108
11700;0.9167
11800;0.9214
11900;0.9302
12000;0.9258
12100;0.9237
12200;0.882
12300;0.9276
12400;0.9291
12500;0.9309
12600;0.9406
12700;0.946
12800;0.9383
12900;0.9476
13000;0.9425
13100;0.936
13200;0.9455
13300;0.9496
13400;0.9518
13500;0.9476
13600;0.9533
13700;0.9513
13800;0.9504
13900;0.9503
14000;0.9545
14100;0.9272
14200;0.9569
14300;0.9542
14400;0.941
14500;0.9564
14600;0.9506
14700;0.9439
14800;0.9449
14900;0.9579
15000;0.9596
15100;0.9612
15200;0.949
15300;0.9585
15400;0.9577
15500;0.958
15600;0.9548
15700;0.9523
15800;0.9417
15900;0.9593
16000;0.9577
16100;0.9631
16200;0.9622
16300;0.9624
16400;0.9541
16500;0.9654
16600;0.9658
16700;0.9638
16800;0.9642
16900;0.9677
17000;0.9636
17100;0.9594
17200;0.9674
17300;0.9565
17400;0.9632
17500;0.968
17600;0.9677
17700;0.9698
17800;0.9709
17900;0.9673
18000;0.9684
18100;0.9652
18200;0.9656
18300;0.9727
18400;0.9749
18500;0.9711
18600;0.9719
18700;0.9711
18800;0.9722
18900;0.9721
19000;0.9724
19100;0.9722
19200;0.9736
19300;0.9737
19400;0.9726
19500;0.971
19600;0.9503
19700;0.972
19800;0.9722
19900;0.9624
20000;0.9714
20100;0.9623
20200;0.9694
20300;0.9722
20400;0.971
20500;0.9667
20600;0.9473
20700;0.9717
20800;0.9721
20900;0.9721
21000;0.9718
21100;0.9744
21200;0.9749
21300;0.9736
21400;0.9732
21500;0.9716
21600;0.9715
21700;0.9664
21800;0.9713
21900;0.9649
22000;0.9736
22100;0.9606
22200;0.9708
22300;0.9663
22400;0.9712
22500;0.9701
22600;0.9696
22700;0.9655
22800;0.9732
22900;0.976
23000;0.9756
23100;0.9624
23200;0.9615
23300;0.9645
23400;0.9729
23500;0.9715
23600;0.9719
23700;0.9721
23800;0.9719
23900;0.9743
24000;0.9715
24100;0.9627
24200;0.9682
24300;0.9665
24400;0.9676
24500;0.9706
24600;0.9706
24700;0.9726
24800;0.973
24900;0.9736
25000;0.9721
25100;0.9732
25200;0.9727
25300;0.9749
25400;0.9709
25500;0.9761
25600;0.9756
25700;0.9742
25800;0.9642
25900;0.9744
26000;0.9721
26100;0.974
26200;0.9754
26300;0.9743
26400;0.9745
26500;0.9741
26600;0.9736
26700;0.9703
26800;0.9661
26900;0.9741
27000;0.9725
27100;0.9725
27200;0.9753
27300;0.9742
27400;0.9747
27500;0.9751
27600;0.9757
27700;0.9734
27800;0.9647
27900;0.9777
28000;0.9784
28100;0.9781
28200;0.9772
28300;0.9771
28400;0.9766
28500;0.9766
28600;0.974
28700;0.9758
28800;0.9754
28914;0.9743
29014;0.9763
29114;0.9729
29214;0.9768
29314;0.9742
29414;0.9763
29514;0.9784
29614;0.9773
29714;0.9768
29814;0.9784
29914;0.9791
30014;0.9788
30114;0.9809
30214;0.9808
30314;0.9811
30414;0.9813
30514;0.9693
30614;0.9691
30714;0.9785
30814;0.9802
30914;0.9785
31014;0.9751
31114;0.976
31214;0.9792
31314;0.9793
31414;0.9775
31514;0.98
31614;0.9783
31714;0.9763
31814;0.9798
31914;0.9765
32014;0.9782
32114;0.9803
32214;0.9793
32314;0.979
32414;0.976
32514;0.9786
32614;0.9807
32714;0.9797
32814;0.9822
32914;0.9783
33014;0.9814
33114;0.9818
33214;0.9785
33314;0.9738
33414;0.9748
33514;0.9784
33614;0.9785
33714;0.9698
33814;0.9787
33914;0.9785
34014;0.9778
34114;0.9764
34214;0.9739
34314;0.9727
34414;0.9716
34514;0.9755
34614;0.9769
34714;0.979
34814;0.9785
34914;0.9808
35014;0.9813
35114;0.9811
35214;0.981
35314;0.9811
35414;0.9769
35514;0.9812
35614;0.9799
35714;0.9807
35814;0.974
35914;0.978
36014;0.9777
36114;0.9791
36214;0.9779
36314;0.9804
36414;0.9747
36514;0.9807
36614;0.9825
36714;0.9822
36814;0.9828
36914;0.981
37014;0.9826
37114;0.9832
37214;0.9826
37314;0.9776
37414;0.9815
37514;0.9808
37614;0.9805
37714;0.9764
37814;0.9828
37914;0.9812
38014;0.9803
38114;0.9826
38214;0.9812
38314;0.9803
38414;0.9808
38514;0.9817
38614;0.9794
38714;0.977
38814;0.9805
38914;0.9804
39014;0.9796
39114;0.9786
39214;0.9786
39314;0.9807
39414;0.9804
39514;0.9808
39614;0.981
39714;0.9817
39814;0.9826
39914;0.9793
40014;0.9818
40114;0.9792
40214;0.9754
40314;0.9817
40414;0.9815
40514;0.9818
40614;0.9759
40714;0.9755
40814;0.9817
40914;0.9832
41014;0.9817
41114;0.9832
41214;0.9832
41314;0.982
41414;0.9799
41514;0.9815
41614;0.9727
2660791;FOUND
