10100;START
10100;0.8043
10200;0.8043
10300;0.8043
10400;0.8043
10500;0.8043
10600;0.8043
10700;0.8043
10800;0.8043
10900;0.8043
11000;0.8043
11100;0.8043
11200;0.8043
11300;0.8452
11400;0.8929
11500;0.9219
11600;0.9242
11700;0.9117
11800;0.9262
11900;0.9295
12000;0.9159
12100;0.9257
12200;0.9265
12300;0.9216
12400;0.9297
12500;0.9366
12600;0.9451
12700;0.946
12800;0.9378
12900;0.9493
13000;0.9491
13100;0.9411
13200;0.949
13300;0.9375
13400;0.9507
13500;0.9513
13600;0.9487
13700;0.938
13800;0.9411
13900;0.9501
14000;0.9492
14100;0.9429
14200;0.9479
14300;0.9459
14400;0.9517
14500;0.9413
14600;0.9485
14700;0.9493
14800;0.9561
14900;0.9411
15000;0.9457
15100;0.9497
15200;0.9019
15300;0.9441
15400;0.9551
15500;0.9506
15600;0.958
15700;0.9584
15800;0.9598
15900;0.962
16000;0.9627
16100;0.9568
16200;0.9627
16300;0.9623
16400;0.9605
16500;0.9598
16600;0.9584
16700;0.9579
16800;0.962
16900;0.9418
17000;0.9603
17100;0.9641
17200;0.9673
17300;0.9671
17400;0.965
17500;0.9638
17600;0.9679
17700;0.9675
17800;0.9681
17900;0.9664
18000;0.9654
18100;0.9679
18200;0.9683
18300;0.9607
18400;0.9676
18500;0.9647
18600;0.9654
18700;0.9666
18800;0.9682
18900;0.966
19000;0.9637
19100;0.9627
19200;0.9619
19300;0.9622
19400;0.9649
19500;0.9595
19600;0.965
19700;0.9589
19800;0.9595
19900;0.9542
20000;0.9578
20100;0.9682
20200;0.9692
20300;0.9741
20400;0.9729
20500;0.97
20600;0.9638
20700;0.9601
20800;0.9675
20900;0.9642
21000;0.9712
21100;0.9657
21200;0.964
21300;0.9682
21400;0.9655
21500;0.9687
21600;0.9679
21700;0.9665
21800;0.9416
21900;0.9424
22000;0.9679
22100;0.9656
22200;0.9613
22300;0.9616
22400;0.9653
22500;0.9685
22600;0.9658
22700;0.9692
22800;0.9678
22900;0.9594
23000;0.9717
23100;0.9709
23200;0.9642
23300;0.976
23400;0.9762
23500;0.9679
23600;0.9696
23700;0.9748
23800;0.9729
23900;0.9671
24000;0.9575
24100;0.9614
24200;0.9692
24300;0.9726
24400;0.9731
24500;0.9721
24600;0.9721
24700;0.9688
24800;0.974
24900;0.9752
25000;0.9736
25100;0.9763
25200;0.9674
25300;0.974
25400;0.9754
25500;0.9732
25600;0.9726
25700;0.9743
25800;0.9745
25900;0.9671
26000;0.9705
26100;0.971
26200;0.9722
26300;0.9694
26400;0.9676
26500;0.9641
26600;0.9639
26700;0.9585
26800;0.97
26900;0.9724
27000;0.9778
27100;0.9733
27200;0.9725
27300;0.9758
27400;0.9783
27500;0.9771
27600;0.9778
27700;0.9775
27800;0.9801
27900;0.976
28000;0.9804
28100;0.9714
28200;0.9719
28300;0.9783
28400;0.9779
28500;0.9825
28600;0.9835
28700;0.9749
28800;0.9753
28900;0.9701
29000;0.9824
29100;0.9815
29200;0.9795
29300;0.9822
29400;0.9773
29500;0.9793
29600;0.9812
29700;0.9827
29800;0.9829
29900;0.9825
30000;0.9822
30100;0.9817
30200;0.9825
30300;0.9807
30400;0.9811
30500;0.9813
30600;0.9796
30700;0.9826
30800;0.9785
30900;0.979
31000;0.9816
31100;0.9808
31200;0.9735
31300;0.9769
31400;0.9841
31500;0.9802
31600;0.9805
31700;0.985
31800;0.9786
31900;0.9828
32000;0.9835
32100;0.9812
32200;0.9824
32300;0.9812
32400;0.9816
32500;0.9789
32600;0.9692
32700;0.9623
32800;0.9778
32900;0.9789
33000;0.9811
33100;0.9805
33200;0.9828
33300;0.9826
33400;0.9847
33500;0.9782
33600;0.9823
33700;0.9847
33800;0.9846
33900;0.9836
34000;0.9798
34100;0.9813
34200;0.9818
34300;0.9832
34400;0.9857
34500;0.9841
34600;0.9845
34700;0.9744
34800;0.9853
34900;0.9866
35000;0.9837
35100;0.9847
35200;0.9869
35300;0.9867
35400;0.984
35500;0.985
35600;0.9854
35700;0.9821
35800;0.9832
35900;0.9859
36000;0.9819
36100;0.9863
36200;0.9621
36300;0.9855
36400;0.9759
36500;0.9795
36600;0.9761
36700;0.9836
36800;0.9769
36900;0.9854
37000;0.9861
37100;0.9833
37200;0.9866
37300;0.9879
37400;0.987
37500;0.9845
37600;0.9835
37700;0.9838
37800;0.9874
37900;0.9868
38000;0.9854
38100;0.9868
38200;0.9874
38300;0.9857
38400;0.9842
38500;0.983
38600;0.9857
38700;0.9845
38800;0.9793
38900;0.9843
39000;0.9819
39100;0.9835
39200;0.9852
39300;0.9868
39400;0.9881
39500;0.988
39600;0.9862
39700;0.9817
39800;0.9797
39900;0.9802
40000;0.9865
40100;0.979
40200;0.9809
40300;0.9827
40400;0.9856
40500;0.9797
40600;0.9856
40700;0.9786
40800;0.9856
40900;0.9807
41000;0.9883
41100;0.9901
41200;0.9901
41300;0.9903
41400;0.99
41500;0.9898
41600;0.9875
41700;0.9875
41800;0.9834
41900;0.99
42000;0.9843
42100;0.9817
42200;0.9863
42300;0.9883
42400;0.9859
42500;0.9851
42600;0.9868
42700;0.9878
42800;0.9874
42900;0.9863
43000;0.9877
43100;0.9878
43200;0.9868
43300;0.985
43400;0.9862
43500;0.9874
43600;0.9879
43700;0.987
43800;0.9883
43900;0.988
44000;0.982
4101303;FOUND
