10100;START
10100;0.8028
10200;0.8028
10300;0.8028
10400;0.8028
10500;0.8028
10600;0.8028
10700;0.8028
10800;0.8028
10900;0.8028
11000;0.8028
11100;0.8028
11200;0.8028
11300;0.8028
11400;0.8028
11500;0.8028
11600;0.8028
11700;0.8028
11800;0.8028
11900;0.9014
12000;0.9117
12100;0.9179
12200;0.9181
12300;0.8832
12400;0.9144
12500;0.9096
12600;0.917
12700;0.9039
12800;0.9244
12900;0.9313
13000;0.9325
13100;0.9412
13200;0.9307
13300;0.9254
13400;0.9159
13500;0.9337
13600;0.9076
13700;0.9154
13800;0.9251
13900;0.9077
14000;0.9189
14100;0.9352
14200;0.9334
14300;0.9381
14400;0.9425
14500;0.9004
14600;0.9328
14700;0.9353
14800;0.932
14900;0.9393
15000;0.9444
15100;0.9498
15200;0.9522
15300;0.9421
15400;0.9489
15500;0.9394
15600;0.9473
15700;0.944
15800;0.9454
15900;0.9338
16000;0.9483
16100;0.9443
16200;0.9331
16300;0.956
16400;0.9539
16500;0.9519
16600;0.9562
16700;0.9565
16800;0.9564
16900;0.9533
17000;0.9511
17100;0.955
17200;0.9516
17300;0.9556
17400;0.9549
17500;0.957
17600;0.9572
17700;0.9599
17800;0.9446
17900;0.9544
18000;0.9669
18100;0.9625
18200;0.9621
18300;0.9659
18400;0.9642
18500;0.9657
18600;0.9656
18700;0.9635
18800;0.9654
18900;0.9677
19000;0.9535
19100;0.9674
19200;0.9522
19300;0.9651
19400;0.9612
19500;0.9606
19600;0.9587
19700;0.9557
19800;0.9512
19900;0.9672
20000;0.9709
20100;0.9693
20200;0.9717
20300;0.9602
20400;0.9589
20500;0.943
20600;0.9722
20700;0.9706
20800;0.9692
20900;0.97
21000;0.9693
21100;0.9713
21200;0.9719
21300;0.9719
21400;0.9727
21500;0.9726
21600;0.9745
21700;0.9734
21800;0.9747
21900;0.9762
22000;0.9742
22100;0.9771
22200;0.9768
22300;0.9766
22400;0.9775
22500;0.9776
22600;0.978
22700;0.9776
22800;0.9774
22900;0.974
23000;0.9736
23100;0.9758
23200;0.9765
23300;0.9764
23400;0.9776
23500;0.9773
23600;0.9739
23700;0.9762
23800;0.9772
23900;0.9723
24000;0.9748
24100;0.9697
24200;0.9758
24300;0.977
24400;0.9758
24500;0.9728
24600;0.9707
24700;0.9739
24800;0.9767
24900;0.9767
25000;0.9745
25100;0.9749
25200;0.9701
25300;0.9757
25400;0.9789
25500;0.9751
25600;0.9708
25700;0.9751
25800;0.9708
25900;0.9757
26000;0.9636
26100;0.9622
26200;0.9779
26300;0.9756
26400;0.9682
26500;0.9776
26600;0.9788
26700;0.9762
26800;0.9792
26900;0.9762
27000;0.9787
27100;0.9782
27200;0.9788
27300;0.9772
27400;0.9795
27500;0.9805
27600;0.9802
27700;0.9801
27800;0.9813
27900;0.9809
28000;0.9816
28100;0.9811
28200;0.9813
28300;0.9808
28400;0.9786
28500;0.9768
28600;0.9786
28700;0.9798
28800;0.9777
28900;0.9813
29000;0.98
29100;0.9799
29200;0.9779
29300;0.9787
29400;0.9799
29500;0.9792
29600;0.9807
29700;0.9812
29800;0.98
29900;0.9782
30000;0.9748
30100;0.9793
30200;0.98
30300;0.9819
30400;0.9824
30500;0.9817
30600;0.9807
30700;0.9799
30800;0.9813
30900;0.9795
31000;0.9799
31100;0.9746
31200;0.9811
31300;0.9809
31400;0.9792
31500;0.9807
31600;0.9734
31700;0.9807
31800;0.9811
31900;0.9764
32000;0.9719
32100;0.9806
32200;0.9804
32300;0.9795
32400;0.9784
32500;0.9788
32600;0.9798
32700;0.9803
32800;0.9816
32910;0.98
33010;0.9782
33110;0.9798
33210;0.9786
33310;0.9804
33410;0.9811
33510;0.981
33610;0.981
33710;0.98
33810;0.9801
33910;0.9805
34010;0.9806
34110;0.9779
34210;0.9814
34310;0.9819
34410;0.9818
34510;0.9834
34610;0.9792
34710;0.9782
34810;0.9784
34910;0.9836
35010;0.9814
35110;0.9824
35210;0.983
35310;0.9802
35410;0.9819
35510;0.9796
35610;0.9825
35710;0.982
35810;0.9789
35910;0.9796
36010;0.9814
36110;0.9823
36210;0.9826
36310;0.983
36410;0.9762
36510;0.9761
36610;0.9805
36710;0.9818
36810;0.982
36910;0.9788
37010;0.9808
37110;0.9848
37210;0.9779
396470;FOUND
