10100;START
10100;0.8107
10200;0.8107
10300;0.8107
10417;0.8107
10517;0.8107
10617;0.8107
10717;0.8107
10817;0.8107
10917;0.8107
11017;0.8107
11117;0.8107
11217;0.8107
11317;0.8107
11417;0.8107
11517;0.8107
11617;0.8107
11717;0.8107
11817;0.8107
11917;0.8107
12017;0.8107
12117;0.8107
12217;0.8107
12317;0.8107
12417;0.8107
12517;0.8107
12617;0.8107
12717;0.8107
12817;0.8107
12917;0.8107
13017;0.9171
13117;0.9208
13217;0.9232
13317;0.9401
13417;0.9383
13517;0.9402
13617;0.9251
13717;0.927
13817;0.909
13917;0.9392
14017;0.9438
14117;0.9482
14217;0.934
14317;0.9468
14417;0.931
14517;0.916
14617;0.9509
14717;0.9481
14817;0.9469
14917;0.9493
15017;0.939
15117;0.9392
15217;0.9241
15317;0.9424
15417;0.9458
15517;0.9427
15617;0.9476
15717;0.951
15817;0.9522
15917;0.95
16017;0.9474
16117;0.9525
16217;0.9503
16317;0.952
16417;0.953
16517;0.9563
16617;0.9568
16717;0.9525
16817;0.9553
16917;0.9526
17017;0.9534
17117;0.9517
17217;0.9577
17317;0.9583
17417;0.959
17517;0.9594
17617;0.9593
17717;0.9602
17817;0.9581
17917;0.9579
18017;0.9574
18117;0.9581
18217;0.9573
18317;0.9467
18417;0.9451
18517;0.9499
18617;0.9484
18717;0.9403
18817;0.9465
18917;0.9533
19017;0.9527
19117;0.9395
19217;0.9558
19317;0.9527
19417;0.9558
19517;0.9541
19617;0.9539
19717;0.955
19817;0.9549
19917;0.9484
20017;0.9516
20117;0.9527
20217;0.9535
20322;0.9496
20422;0.9342
20522;0.9552
20622;0.9573
20722;0.9528
20822;0.9523
20922;0.9484
21022;0.9551
21122;0.954
21222;0.9592
21322;0.9516
21422;0.9436
21522;0.9439
21622;0.9465
21722;0.9521
21822;0.9535
21922;0.9576
22022;0.9576
22122;0.9549
22222;0.9548
22322;0.9544
22422;0.9489
22522;0.9613
22622;0.9572
22722;0.9611
22822;0.959
22922;0.96
23022;0.9551
23122;0.9477
23222;0.9546
23322;0.9549
23422;0.9557
23522;0.9556
23622;0.9537
23722;0.9541
23822;0.9452
23922;0.955
24022;0.958
24122;0.9585
24222;0.9595
24322;0.9599
24422;0.9568
24522;0.9545
24622;0.9568
24722;0.9534
24822;0.9524
24922;0.941
25022;0.9582
25122;0.9538
25222;0.9584
25322;0.9581
25422;0.9599
25522;0.9618
25622;0.962
25722;0.9623
25822;0.9624
25922;0.9619
26022;0.9618
26122;0.9622
26222;0.9595
26322;0.9633
26422;0.9584
26522;0.9629
26622;0.9615
26722;0.9628
26822;0.9635
26922;0.9631
27022;0.9633
27122;0.9609
27222;0.9576
27322;0.9526
27422;0.9532
27522;0.9382
27622;0.9504
27722;0.9552
27822;0.9559
27922;0.9612
28022;0.9613
28122;0.9607
28222;0.9605
28322;0.9625
28422;0.9617
28522;0.9539
28622;0.9579
28722;0.9614
28822;0.9625
28922;0.9626
29022;0.9581
29122;0.9555
29222;0.9596
29322;0.9613
29422;0.965
29522;0.9664
29622;0.9677
29722;0.963
29822;0.9594
29922;0.9641
30022;0.9642
30122;0.965
30222;0.9646
30322;0.9644
30422;0.9542
30522;0.9575
30622;0.9547
30722;0.9554
30822;0.9657
30922;0.9655
31022;0.9655
31122;0.9661
31222;0.9665
31322;0.9658
31422;0.9577
31522;0.9589
31622;0.9624
31722;0.9659
31822;0.9675
31922;0.9652
32022;0.9659
32122;0.9667
32222;0.9635
32322;0.9639
32422;0.968
32522;0.9678
32622;0.968
32722;0.9669
32822;0.968
32922;0.968
33022;0.9673
33122;0.9684
33222;0.9672
33322;0.9631
33422;0.9684
33522;0.9664
33622;0.9625
33722;0.9676
33822;0.9679
33922;0.9669
34022;0.9681
34122;0.9689
34222;0.9699
34322;0.9678
34422;0.9608
34522;0.9685
34622;0.9701
34722;0.9694
34822;0.9669
34922;0.9646
35022;0.9678
35122;0.9688
35222;0.9703
35322;0.972
35422;0.9715
35522;0.9715
35622;0.9714
35722;0.9715
35822;0.9716
35922;0.9716
36022;0.9717
36122;0.9725
36222;0.9708
36322;0.9688
36422;0.9582
36522;0.9563
36623;0.9702
36723;0.9707
36823;0.9706
36923;0.9705
37023;0.9695
37123;0.964
37223;0.9635
37323;0.9693
37423;0.9706
37523;0.9624
37623;0.9692
37723;0.9688
37823;0.9691
37923;0.9684
38023;0.9686
38123;0.9685
38223;0.9705
38323;0.9642
38423;0.971
38523;0.9704
38623;0.9691
38723;0.963
38823;0.9627
38923;0.967
39023;0.9671
39123;0.9643
39223;0.9651
39323;0.9626
39423;0.9585
39523;0.9608
39623;0.9648
39723;0.9659
39823;0.967
39923;0.9676
40023;0.9661
40123;0.964
40223;0.9638
40323;0.963
40423;0.9659
40523;0.9681
40623;0.966
40723;0.9725
40823;0.9726
40923;0.9725
41023;0.971
41123;0.971
41223;0.9727
41323;0.9717
41423;0.9735
41523;0.9632
41623;0.9712
41723;0.9709
41823;0.9699
41923;0.9695
42023;0.9706
42123;0.971
42223;0.9706
42323;0.9714
42423;0.9717
42523;0.9709
42623;0.973
42723;0.9657
42823;0.9716
42923;0.9712
43023;0.9724
43123;0.971
43223;0.9678
43323;0.9702
43423;0.9714
43523;0.9677
43623;0.9659
43723;0.9636
43823;0.9712
43923;0.9718
44023;0.9721
44123;0.9716
44223;0.9719
44323;0.9711
44423;0.9712
44523;0.9734
44623;0.9733
44723;0.9732
44823;0.9729
44923;0.973
45023;0.9731
45123;0.973
45223;0.9735
45323;0.9727
45423;0.9719
45523;0.9718
45623;0.9717
45723;0.9739
45823;0.9715
45923;0.9702
46023;0.9705
46123;0.9726
46223;0.9619
46323;0.9656
46423;0.966
46523;0.9693
46623;0.9712
46723;0.9681
46823;0.9645
46923;0.9633
47023;0.9723
47123;0.9727
47223;0.972
47323;0.9671
47423;0.97
47523;0.9668
47623;0.9667
47723;0.9721
47823;0.9728
47923;0.971
48023;0.9708
48123;0.9715
48223;0.9737
48323;0.9728
48423;0.9718
48523;0.9743
48623;0.9745
48723;0.9744
48823;0.9744
48923;0.9748
49023;0.9748
49123;0.9749
49223;0.9731
49323;0.9731
49423;0.973
49523;0.9734
49623;0.9747
49723;0.9738
49823;0.9741
49923;0.9739
50023;0.9745
50123;0.9746
50223;0.9746
50323;0.971
50423;0.9691
50523;0.9684
50623;0.973
50723;0.972
50823;0.9729
50923;0.9717
51023;0.972
51123;0.972
51223;0.9725
51323;0.9723
51423;0.9737
51523;0.9703
51623;0.9672
51723;0.9735
51823;0.9736
51923;0.9738
52023;0.9731
52123;0.972
52223;0.9725
52323;0.9725
52423;0.9728
52523;0.9729
52623;0.9729
52723;0.9732
52823;0.9731
52923;0.9747
53023;0.9737
53123;0.9739
53223;0.9717
53323;0.9705
1086236;FOUND
