10100;START
10100;0.8122
10200;0.8122
10300;0.8122
10400;0.8122
10500;0.8122
10600;0.8122
10700;0.8122
10800;0.8122
10900;0.8122
11000;0.8122
11100;0.8122
11200;0.8122
11300;0.8122
11400;0.8122
11500;0.8122
11600;0.8122
11700;0.8122
11800;0.8122
11900;0.8122
12000;0.8122
12100;0.9154
12200;0.9252
12300;0.9249
12400;0.9284
12500;0.9342
12600;0.9329
12700;0.9383
12800;0.9361
12900;0.9292
13000;0.9415
13100;0.9499
13200;0.9457
13300;0.9429
13400;0.9456
13500;0.937
13600;0.9455
13700;0.9528
13800;0.9547
13900;0.9539
14000;0.9526
14100;0.9538
14200;0.9464
14300;0.9535
14400;0.9434
14500;0.9574
14600;0.9568
14700;0.95
14800;0.9566
14900;0.9564
15000;0.9535
15100;0.9336
15200;0.96
15300;0.9554
15400;0.954
15500;0.9556
15600;0.9576
15700;0.9524
15800;0.9577
15900;0.9545
16000;0.9558
16100;0.9595
16200;0.9583
16304;0.9587
16404;0.9592
16504;0.9565
16604;0.9596
16704;0.9607
16804;0.9573
16904;0.9591
17004;0.9604
17104;0.9585
17204;0.957
17304;0.9616
17404;0.9595
17504;0.9587
17604;0.9598
17704;0.9605
17804;0.9594
17904;0.9431
18004;0.958
18104;0.963
18204;0.9624
18304;0.9562
18404;0.9603
18504;0.9593
18604;0.9618
18704;0.963
18804;0.9647
18904;0.9646
19004;0.964
19067;FOUND
