10100;START
10100;0.7988
10200;0.7988
10300;0.7988
10400;0.7988
10500;0.7988
10600;0.7988
10700;0.7988
10800;0.7988
10900;0.7988
11000;0.8649
11100;0.8929
11200;0.9063
11300;0.9249
11400;0.9191
11500;0.9178
11600;0.9083
11700;0.8499
11800;0.9255
11900;0.9255
12000;0.921
12100;0.9202
12200;0.922
12300;0.9127
12400;0.9256
12500;0.9266
12600;0.9222
12700;0.9256
12800;0.923
12900;0.9224
13000;0.921
13100;0.9387
13200;0.939
13300;0.9302
13400;0.9403
13500;0.9393
13600;0.9293
13700;0.942
13800;0.9397
13900;0.9407
14000;0.9427
14100;0.9424
14200;0.9444
14300;0.9378
14400;0.9465
14500;0.9401
14600;0.9308
14700;0.9419
14800;0.9476
14900;0.9496
15000;0.9476
15100;0.9473
15200;0.9352
15300;0.9485
15400;0.9398
15500;0.9514
15600;0.9496
15700;0.9513
15800;0.9501
15900;0.9484
16000;0.9516
16100;0.9557
16200;0.9499
16300;0.9539
16400;0.9491
16500;0.9442
16600;0.9495
16700;0.9488
16800;0.9473
16900;0.9499
17000;0.9475
17100;0.9357
17200;0.9513
17300;0.9422
17400;0.9529
17500;0.9568
17600;0.9499
17700;0.9552
17800;0.9539
17900;0.954
18000;0.9526
18100;0.9532
18200;0.9548
18300;0.9548
18400;0.9578
18500;0.9567
18600;0.9567
18700;0.9547
18800;0.9553
18900;0.9552
19000;0.9569
19100;0.9534
19200;0.9571
19300;0.9344
19400;0.9559
19500;0.9552
19600;0.9571
19700;0.9588
19800;0.9604
19900;0.9606
20000;0.961
20100;0.9608
20200;0.9551
20300;0.9585
20400;0.9621
20500;0.9605
20600;0.9603
20700;0.9578
20800;0.956
20900;0.9575
21000;0.9603
21100;0.9613
21200;0.9606
21300;0.9541
21400;0.9588
21500;0.9572
21604;0.9583
21704;0.9583
21804;0.9595
21904;0.9633
22004;0.9645
22104;0.964
22204;0.9641
22304;0.9644
22404;0.9621
22504;0.9628
22604;0.9646
22704;0.9622
22804;0.9613
22904;0.9598
23004;0.961
23104;0.9615
23204;0.9625
23304;0.9634
23404;0.9587
23504;0.964
23604;0.9653
23704;0.9646
23804;0.9652
23904;0.9654
24004;0.9657
24104;0.9606
24204;0.9652
24304;0.9583
24404;0.9614
24504;0.9642
24604;0.9622
24704;0.9601
24804;0.9661
24904;0.961
25004;0.963
25104;0.9616
25204;0.9618
25304;0.9563
25404;0.9501
25504;0.9613
25604;0.9566
25704;0.9635
25804;0.9639
25904;0.9637
26004;0.962
26104;0.9628
26204;0.9632
26304;0.9658
26404;0.9654
26504;0.9666
26604;0.9658
26704;0.967
26804;0.9666
26904;0.9656
27004;0.9672
27104;0.9673
27204;0.9654
27304;0.9662
27404;0.9657
27504;0.9665
27604;0.9671
27704;0.9654
27804;0.9656
27904;0.9633
28004;0.9661
28104;0.9642
28204;0.9659
28304;0.9657
28404;0.9664
28504;0.965
28604;0.9632
28704;0.9673
28804;0.9667
28904;0.9605
29004;0.9666
29104;0.9487
29204;0.9476
29304;0.9643
29404;0.9674
29504;0.9664
29604;0.9639
29704;0.9656
29804;0.9655
29904;0.9654
30004;0.9652
30104;0.9655
30204;0.9625
30304;0.967
30404;0.9657
30504;0.967
30604;0.967
30704;0.9631
30804;0.9619
30904;0.9622
31004;0.9632
31104;0.967
31204;0.9675
31304;0.9683
31404;0.9658
31504;0.9652
31604;0.9657
31704;0.9667
31804;0.966
31904;0.9671
32004;0.966
32104;0.9681
32204;0.9682
32304;0.9681
32404;0.9654
32504;0.9626
32604;0.9601
32704;0.9662
32804;0.9644
32904;0.9671
33004;0.9668
33104;0.9676
33204;0.9624
33304;0.9563
33404;0.9593
33504;0.9657
33604;0.9518
33704;0.9647
33804;0.9671
33904;0.9676
34004;0.9676
34104;0.9667
34204;0.9668
34304;0.9676
34404;0.9677
34504;0.9687
34604;0.968
34704;0.968
34804;0.9682
34904;0.9682
35004;0.9685
35104;0.9662
35204;0.9641
35304;0.9637
35404;0.9649
35504;0.959
35604;0.958
35704;0.9591
35804;0.9515
35904;0.9546
36004;0.9667
36104;0.9661
36204;0.9667
36304;0.9639
1258727;FOUND
