10108;START
10108;0.8091
10208;0.8091
10308;0.8091
10408;0.8091
10508;0.8091
10608;0.8091
10708;0.8091
10808;0.8091
10908;0.8091
11008;0.8091
11108;0.8091
11208;0.8091
11308;0.8091
11408;0.8091
11508;0.8091
11608;0.8091
11708;0.8091
11808;0.8091
11908;0.8091
12008;0.8091
12108;0.8091
12208;0.8091
12308;0.9384
12408;0.9256
12508;0.9176
12608;0.9284
12708;0.9329
12808;0.9385
12908;0.9182
13008;0.9436
13108;0.95
13208;0.946
13308;0.9416
13408;0.9263
13508;0.9316
13608;0.937
13708;0.9287
13808;0.9563
13908;0.9569
14008;0.9487
14108;0.956
14208;0.9357
14308;0.9548
14408;0.9526
14508;0.9528
14608;0.9551
14708;0.9561
14808;0.9583
14908;0.9635
15008;0.9399
15108;0.9631
15208;0.9633
15308;0.9607
15408;0.957
15508;0.9563
15608;0.955
15708;0.9533
15808;0.9561
15908;0.9568
16008;0.9456
16108;0.9592
16208;0.9532
16308;0.9517
16408;0.9533
16508;0.9611
16608;0.9586
16708;0.9583
16808;0.9602
16908;0.9563
17008;0.9644
17108;0.9294
17208;0.9529
17308;0.9562
17408;0.9473
17508;0.9596
17608;0.958
17708;0.9623
17808;0.963
17908;0.9643
18008;0.9636
18108;0.9627
18208;0.9665
18308;0.9649
18408;0.9638
18508;0.9566
18608;0.9663
18708;0.9545
18808;0.9686
18908;0.9635
19008;0.9622
19108;0.9632
19208;0.9652
19308;0.9646
19408;0.967
19508;0.9694
19608;0.9643
19708;0.9661
19808;0.9655
19908;0.9623
20008;0.9611
20108;0.9584
20208;0.9535
20308;0.9446
20408;0.9595
20508;0.9567
20608;0.9667
20708;0.9688
20808;0.9683
20908;0.969
21008;0.9681
21108;0.9662
21208;0.9667
21308;0.9704
21408;0.966
21508;0.9664
21608;0.9695
21708;0.9709
21808;0.9708
21908;0.9703
22008;0.9695
22108;0.9718
22208;0.9714
22308;0.9681
22408;0.9697
22508;0.9713
22608;0.971
22708;0.9728
22808;0.9725
22908;0.9705
23008;0.9708
23108;0.9707
23208;0.9713
23308;0.9733
23408;0.9736
23508;0.9743
23608;0.972
23708;0.9731
23808;0.9734
23908;0.9728
24008;0.9723
24108;0.9732
24208;0.9662
24308;0.9689
24408;0.9696
24508;0.9677
24608;0.9679
24708;0.9737
24808;0.9747
24908;0.9729
25008;0.9725
25108;0.9738
25208;0.9734
25308;0.971
25408;0.9664
25508;0.9601
25608;0.97
25708;0.9707
25808;0.9706
25908;0.9711
26008;0.9722
26108;0.9704
26208;0.9694
26308;0.9697
26408;0.9513
26508;0.9729
26608;0.9723
26708;0.9722
26808;0.9689
26908;0.97
27008;0.9673
27108;0.9687
27208;0.9662
27308;0.95
27408;0.9714
27508;0.9718
27608;0.9718
27708;0.9685
27808;0.9657
27908;0.967
28008;0.97
28108;0.9651
28208;0.9701
28308;0.9675
28408;0.9599
238782;FOUND
