10100;START
10100;0.808
10200;0.808
10300;0.808
10400;0.808
10500;0.808
10600;0.808
10700;0.808
10800;0.808
10900;0.808
11000;0.8658
11100;0.9078
11200;0.908
11300;0.913
11400;0.8896
11500;0.9152
11600;0.9188
11700;0.8988
11800;0.9031
11900;0.9163
12000;0.9241
12100;0.9297
12200;0.9235
12300;0.9274
12400;0.9325
12500;0.9386
12600;0.9365
12700;0.9479
12800;0.945
12900;0.9436
13000;0.9451
13100;0.9456
13200;0.9482
13300;0.9485
13400;0.9494
13500;0.9467
13600;0.9475
13700;0.9504
13800;0.9517
13900;0.9506
14000;0.9539
14100;0.947
14200;0.9527
14300;0.9558
14400;0.9545
14500;0.9534
14600;0.9512
14700;0.9554
14800;0.9554
14900;0.9534
15000;0.956
15100;0.9531
15200;0.9528
15300;0.9527
15400;0.9541
15500;0.9484
15600;0.9549
15700;0.9549
15800;0.9559
15900;0.955
16000;0.9509
16100;0.9566
16200;0.956
16300;0.9551
16400;0.9539
16500;0.9547
16600;0.9553
16700;0.9565
16800;0.9569
16900;0.9567
17000;0.9593
17100;0.9552
17200;0.9619
17300;0.9577
17400;0.9592
17500;0.9601
17600;0.9602
17700;0.9524
17800;0.9577
17900;0.9583
18000;0.9614
18100;0.9639
18200;0.9595
18300;0.9577
18400;0.9514
18500;0.9555
18600;0.9592
18700;0.9564
18800;0.9514
18900;0.9547
19000;0.9615
19100;0.9626
19200;0.9621
19300;0.96
19400;0.9528
19500;0.9578
19600;0.9647
19700;0.9616
19800;0.9605
19900;0.9579
20000;0.966
20100;0.9641
20200;0.9611
20300;0.9582
20400;0.9646
20500;0.9658
20600;0.9604
20700;0.9669
20800;0.965
20900;0.9639
21000;0.9645
21100;0.9652
21200;0.9657
21300;0.9665
21400;0.9658
21500;0.9665
21600;0.9647
21700;0.9682
21800;0.9585
21900;0.9604
22000;0.9684
22100;0.9704
22200;0.969
22300;0.9712
22400;0.9709
22500;0.9711
22600;0.9705
22700;0.9704
22800;0.9683
22900;0.9688
23000;0.9687
23100;0.9694
23200;0.9708
23300;0.9676
23400;0.9633
23500;0.967
23600;0.9609
23700;0.9671
23800;0.9669
23900;0.9667
24000;0.968
24100;0.9626
24200;0.9673
24300;0.9659
24400;0.969
24500;0.9679
24600;0.9681
24700;0.9667
24800;0.9679
24900;0.967
25000;0.9673
25100;0.9715
25200;0.9713
25300;0.9688
25400;0.9708
25500;0.9699
25600;0.968
25700;0.9679
25800;0.9691
25900;0.9657
26000;0.97
26100;0.9702
26200;0.9681
26300;0.9688
26400;0.964
26500;0.9697
26600;0.9698
26700;0.9708
26800;0.9707
26900;0.97
27000;0.9701
27100;0.9702
27200;0.9707
27300;0.971
27400;0.9707
27500;0.9717
27600;0.9708
27700;0.9717
27800;0.9717
27900;0.9718
28000;0.9703
28100;0.9709
28200;0.9715
28300;0.9691
28400;0.9712
28500;0.9709
28600;0.9689
28700;0.9721
28800;0.9727
28900;0.9719
29000;0.9706
29100;0.973
29200;0.9709
29300;0.9715
29400;0.9731
29500;0.973
29600;0.9731
29700;0.9733
29800;0.9566
29900;0.9676
30000;0.9653
30100;0.9703
30200;0.9714
30300;0.9712
30400;0.971
30500;0.9708
30600;0.9726
30703;0.9727
30803;0.9719
30903;0.9717
31003;0.9721
31103;0.9723
31203;0.9714
31303;0.973
31403;0.9727
31503;0.9713
31603;0.9727
31703;0.9723
31803;0.9687
31903;0.9624
32003;0.9711
32103;0.9711
32203;0.9716
32303;0.9677
32403;0.9664
1024243;FOUND
