10100;START
10100;0.8085
10200;0.8085
10300;0.8085
10400;0.8085
10500;0.8085
10600;0.8085
10700;0.8085
10800;0.8085
10900;0.8085
11000;0.8085
11100;0.8085
11200;0.8085
11300;0.8085
11400;0.898
11500;0.9099
11600;0.9162
11700;0.9145
11800;0.9023
11900;0.9239
12000;0.9253
12100;0.9291
12200;0.9365
12300;0.9352
12400;0.9374
12500;0.9359
12600;0.9335
12700;0.9444
12800;0.9434
12900;0.9476
13000;0.9301
13100;0.9437
13200;0.9375
13300;0.9485
13400;0.9422
13500;0.944
13600;0.9459
13700;0.9382
13800;0.9494
13900;0.945
14000;0.9527
14100;0.9521
14200;0.9521
14300;0.9509
14400;0.9498
14500;0.9474
14600;0.9422
14700;0.9553
14800;0.9558
14900;0.9558
15000;0.9538
15100;0.9494
15200;0.9456
15300;0.9554
15400;0.9546
15500;0.9447
15600;0.9424
15700;0.9436
15800;0.9453
15900;0.9546
16000;0.9561
16100;0.9583
16200;0.9587
16300;0.9458
16400;0.9267
16500;0.96
16600;0.9536
16700;0.9565
16800;0.9606
16900;0.9593
17000;0.9575
17100;0.9564
17200;0.9539
17300;0.9579
17400;0.9569
17500;0.9587
17600;0.9573
17700;0.9575
17800;0.9599
17900;0.9594
18000;0.9578
18100;0.9608
18200;0.9589
18300;0.9621
18400;0.9612
18500;0.9585
18600;0.9603
18700;0.9542
18800;0.9587
18900;0.9589
19000;0.9603
19100;0.9579
19200;0.9553
19300;0.9491
19400;0.9603
19500;0.9588
19600;0.9621
19700;0.9529
19800;0.9616
19900;0.9565
20000;0.959
20100;0.9601
20200;0.9613
20300;0.9637
20400;0.9629
20500;0.9636
20600;0.9605
20700;0.9652
20800;0.9588
20900;0.96
21000;0.9624
21100;0.9621
21200;0.9592
21300;0.9635
21400;0.9598
21500;0.9631
21600;0.9584
21700;0.9622
21800;0.9553
21900;0.9637
22000;0.9611
22100;0.9552
22200;0.9548
22300;0.9602
22400;0.9629
22500;0.9638
22600;0.9634
22700;0.9591
22800;0.965
22900;0.9643
23000;0.9629
23100;0.9543
23200;0.956
23300;0.9549
23400;0.9619
23500;0.9617
23600;0.9614
23700;0.9616
23800;0.9611
23900;0.9626
24000;0.9641
24100;0.9645
24200;0.9632
24300;0.9641
24400;0.9638
24500;0.9642
24600;0.9658
24700;0.9642
24800;0.9478
24900;0.965
25000;0.9654
25100;0.9667
25200;0.9646
25300;0.9542
25400;0.9542
25500;0.9665
25600;0.9666
25700;0.9672
25800;0.9625
25900;0.9643
26000;0.9654
26100;0.9661
26200;0.9669
26300;0.9658
26400;0.9635
26500;0.9651
26600;0.9542
26700;0.9618
26800;0.9609
26900;0.9577
27000;0.9667
27100;0.9653
27200;0.9644
27300;0.9673
27400;0.965
27500;0.9656
27600;0.9644
27700;0.9616
27800;0.9617
27900;0.9631
28000;0.9664
28100;0.9669
28200;0.9658
28300;0.956
28400;0.9681
28500;0.954
28600;0.9611
28700;0.9636
28800;0.9671
28900;0.9687
29000;0.9665
29100;0.9629
29200;0.9681
29300;0.9671
29400;0.9566
29500;0.9662
29600;0.9657
29700;0.9642
29800;0.9662
29900;0.9667
30000;0.964
30100;0.9602
30203;0.9617
30303;0.9617
30403;0.9637
30503;0.9639
30603;0.9639
30703;0.9677
30803;0.9681
30903;0.9674
31003;0.9671
31103;0.9607
31203;0.9685
31303;0.9678
31403;0.9683
31503;0.9631
31603;0.9644
31703;0.9642
31803;0.9663
31903;0.9664
32003;0.9647
32103;0.9644
32203;0.9641
32303;0.9591
32403;0.9626
32503;0.9662
32603;0.9658
32703;0.9665
32803;0.9674
32903;0.9675
33003;0.9675
33103;0.9686
33203;0.9681
33303;0.9679
33403;0.968
33503;0.9665
33603;0.9675
33703;0.9686
33803;0.9682
33903;0.9659
34003;0.9633
34103;0.9685
34203;0.971
34303;0.9705
34403;0.9685
34503;0.9616
34603;0.9613
34703;0.9662
34803;0.967
34903;0.9646
35003;0.9705
35103;0.9708
35203;0.9699
35303;0.9648
35403;0.9627
35503;0.9669
35603;0.963
35703;0.97
35803;0.9686
35903;0.9696
36003;0.9696
36103;0.9696
36203;0.9693
36303;0.9698
36403;0.9696
36503;0.9697
36603;0.9696
36703;0.9675
36803;0.9681
36903;0.9686
37003;0.9685
37103;0.9701
37203;0.9701
37303;0.9698
37403;0.9702
37503;0.9703
37603;0.9708
37703;0.9707
37803;0.9651
37903;0.9696
38003;0.9684
38103;0.9666
38203;0.9691
38303;0.9672
38403;0.969
38503;0.9633
38603;0.9636
38703;0.9692
38803;0.9695
38903;0.9696
39003;0.969
39103;0.9693
39203;0.969
39303;0.9694
39403;0.9682
39503;0.9697
39603;0.9697
39703;0.9699
39803;0.9696
39903;0.9699
40003;0.9699
40103;0.9694
40203;0.9697
40303;0.9697
40403;0.9697
40503;0.9688
40603;0.9683
40703;0.969
40803;0.9695
40903;0.9704
41003;0.9704
41103;0.9642
41203;0.9677
41303;0.9678
41403;0.9614
41503;0.9603
41603;0.9659
41703;0.9695
41803;0.9657
3460501;FOUND
