1150572;START
1150572;0.9
1163460;0.9
1170657;0.9
1179719;0.9
1184430;0.9
1192128;0.9
1205762;0.9
1221266;0.9
1228399;0.9
1238635;0.9
1246985;0.9
1257870;0.9228
1271281;0.9499
1285276;0.9506
1293722;0.9547
1304588;0.9447
1314278;0.9615
1329042;0.9649
1336390;0.9616
1349202;0.9676
1359459;0.9664
1374969;0.9696
1379858;0.9674
1389724;0.965
1405893;0.9659
1411200;0.9708
1418570;0.9722
1429316;0.9789
1436649;0.9763
1449892;0.9814
1461381;0.9788
1470553;0.983
1488042;0.9853
1501510;0.9745
1515699;0.9686
1529752;0.9869
1536483;0.9851
1550469;0.987
1559879;0.9883
1567666;0.9875
1580514;0.9895
1594183;0.9936
1601841;0.9914
1613732;0.9938
1622337;0.9929
1636182;0.9939
1647430;0.9959
1661283;0.996
1683495;0.9957
1692928;0.9952
1707055;0.9948
1719420;0.9973
1725938;0.9956
1733456;0.9936
1749950;0.9953
1758437;0.993
1769081;0.991
1779028;0.9932
1792809;0.9979
1802204;0.9964
1814405;0.9952
1829058;0.9953
1838179;0.9972
1854113;0.9977
1865135;0.9977
1877518;0.998
1890598;0.9958
1897470;0.9949
1908010;0.998
1920279;0.9984
1932358;0.9981
1940839;0.9986
1952674;0.9987
1962449;0.9976
1967256;0.9965
1979780;0.9991
1995171;0.9969
2004469;0.9962
2018754;0.9953
2034920;0.998
2045944;0.9982
2055990;0.9989
2070096;0.9992
2085202;0.9986
2094616;0.9985
2107668;0.9993
2126755;0.9991
2140613;0.9991
2151018;0.9992
2156950;0.9991
2166929;0.9986
2185128;0.9985
2194623;0.9985
2202510;0.9984
2213379;0.9984
2229097;0.9984
2238831;0.9984
2250925;0.9984
2271028;0.9984
2278264;0.9984
2289614;0.9984
2302545;0.9964
2310509;0.9986
2325988;0.9989
2333101;0.9985
2344418;0.9983
2354102;0.9973
2363273;0.9905
2370155;0.9956
2381701;0.9935
2392767;0.9947
2404219;0.9965
2413846;0.9989
2421569;0.9992
2440601;0.9992
2450783;0.9988
2460082;0.9982
2471625;0.9982
2478783;0.9975
2489745;0.997
2498472;0.997
2515866;0.9971
2524021;0.9972
2532121;0.9983
2539576;0.9982
2552496;0.9981
2559250;0.998
2570124;0.9995
2582538;0.9995
2597254;0.9995
2609192;0.999
2620071;0.9989
2633692;0.9988
2650263;0.9995
2659727;0.9989
2670932;0.9983
2687925;0.9983
2700602;0.999
2708190;0.999
2724702;0.999
2739563;0.9988
2751521;0.9987
2761858;0.9987
2772257;0.9987
2785142;0.9996
2797863;0.9996
2807260;0.9994
2821575;0.9994
2832345;0.9995
2840100;0.9994
2850611;0.9994
2857626;0.9994
2868614;0.9994
2880552;0.9994
2888611;0.9994
2897335;0.9993
2908849;0.9993
2918421;0.9999
2932062;0.9997
2949315;0.9997
2962076;0.9997
2975661;0.9997
2982660;0.9997
2991737;0.9997
3004697;0.9997
3012392;0.9995
3023735;0.9996
3042162;0.9997
3052686;0.9997
3061605;0.9996
3067238;0.9999
3078296;0.9996
3092710;0.9995
3098491;0.9993
3105622;0.9998
3115694;1.0
3125433;1.0
3134411;1.0
3146194;1.0
3152350;1.0
3159259;0.9999
3172678;0.9993
3186932;0.999
3197132;0.9987
3207073;0.9987
3218441;0.9986
3229596;0.9913
3242579;0.9996
3255270;0.9988
3261089;0.9991
3272131;0.9989
3288837;0.999
3300070;0.9995
3316485;0.9993
3327082;0.9993
3342658;0.9992
3350484;0.9992
3362891;0.9992
3370044;0.9992
3379448;0.9995
3391113;0.9996
3402718;0.9996
3409219;0.9996
3421176;0.9996
3433241;0.9996
3449266;0.9996
3463429;0.9996
3477192;0.9995
3489814;0.9993
3499299;0.9993
3508075;0.9993
3515119;0.9993
3524449;0.9993
3535345;0.9993
3553549;0.9996
3567612;0.9999
3578327;0.9999
3587077;0.9997
3599865;0.9997
3611798;0.9996
3622260;0.9996
3632244;0.9996
3639137;0.9996
3664130;0.9996
3675519;0.9996
3692715;0.9998
3703124;0.9971
3715025;0.9963
3726509;0.9971
3735292;0.9979
3741248;0.9976
3741963;FOUND
