1144423;START
1144423;0.9
1155150;0.9
1163885;0.9
1175737;0.9
1188048;0.9
1197364;0.9
1210317;0.9
1214042;0.9
1223211;0.9
1236823;0.9
1246325;0.9
1262899;0.9
1280090;0.9
1287246;0.9
1300224;0.9
1318835;0.9
1327274;0.9
1336517;0.9607
1348301;0.9607
1361547;0.9608
1366375;0.9609
1381601;0.9552
1389069;0.9532
1397148;0.9579
1412512;0.9581
1424902;0.9586
1439927;0.9619
1450278;0.95
1466099;0.9665
1480915;0.9626
1489362;0.9641
1503353;0.965
1512407;0.9622
1519058;0.9614
1535640;0.9582
1546034;0.9661
1561383;0.9684
1569746;0.9685
1580326;0.9703
1590674;0.9735
1599658;0.9583
1611211;0.9752
1623533;0.9793
1633244;0.9767
1643807;0.9801
1655137;0.9817
1666149;0.9849
1680623;0.9831
1697554;0.9794
1706045;0.9891
1719256;0.989
1734385;0.9859
1743788;0.9702
1751133;0.9893
1761766;0.993
1771764;0.9916
1785570;0.9902
1802937;0.9895
1811173;0.9916
1822800;0.9918
1834153;0.9859
1842762;0.9861
1856601;0.9881
1862743;0.9916
1874452;0.9922
1881567;0.9918
1887591;0.9921
1897101;0.9923
1906959;0.9925
1918528;0.9925
1928591;0.9932
1939207;0.9893
1947913;0.9928
1956156;0.9944
1970413;0.9944
1983741;0.9941
1994710;0.9945
2007315;0.9948
2017027;0.9923
2024336;0.99
2030238;0.994
2052398;0.9954
2062155;0.996
2071332;0.9961
2086626;0.9948
2095046;0.9949
2102671;0.9967
2116086;0.9972
2128155;0.9974
2141145;0.9973
2148861;0.9969
2159116;0.9981
2171364;0.9981
2183029;0.9978
2191950;0.9979
2201354;0.9979
2210475;0.9979
2219014;0.9977
2225062;0.9978
2237282;0.9982
2250429;0.9982
2257848;0.9982
2276180;0.9982
2283837;0.9982
2295773;0.9982
2310267;0.9983
2319140;0.9983
2323098;0.9983
2333449;0.9983
2340364;0.9983
2356867;0.9982
2368153;0.9979
2380109;0.9945
2388948;0.9982
2396253;0.9976
2405382;0.9966
2418172;0.9965
2428032;0.9981
2438803;0.9982
2450701;0.9981
2452441;FOUND
