336578;START
336578;0.9
339846;0.9
343169;0.9
347045;0.9
349948;0.9
353405;0.9
357577;0.9
361118;0.9
364222;0.9
366771;0.9
371229;0.9
375662;0.9
380976;0.9
383204;0.9
386500;0.9
389565;0.9137
392438;0.9402
396052;0.9466
399006;0.9476
400753;0.9476
404929;0.9523
407900;0.959
412483;0.9577
414600;0.9588
420455;0.9573
424323;0.9549
428368;0.9372
430478;0.9538
433309;0.9559
437060;0.9573
439838;0.9588
443989;0.9592
447122;0.9508
452574;0.9507
455065;0.9592
459478;0.9596
464262;0.9597
467983;0.9577
470647;0.9601
473802;0.9558
475417;0.9606
477602;0.9621
482552;0.9346
486167;0.9386
490169;0.9658
493653;0.9636
495283;0.9603
497104;0.9581
500427;0.9633
505616;0.9705
510823;0.9705
512465;0.9621
518284;0.9736
524200;0.9745
528131;0.9734
534817;0.9687
540315;0.9708
544462;0.9728
547224;0.974
551394;0.9742
553760;0.9749
558406;0.9657
560789;0.9778
563312;0.9785
565876;0.9774
569574;0.9785
572431;0.9778
574684;0.978
576492;0.9772
578271;0.9738
582376;0.9715
585889;0.9777
590110;0.9778
593845;0.9787
595703;0.9746
601311;0.9757
603494;0.9787
606270;0.9798
608079;0.9836
610350;0.9838
614124;0.9841
618834;0.9837
621245;0.9829
624734;0.9783
628687;0.9824
632713;0.9834
636433;0.9802
639416;0.9791
643994;0.9825
647242;0.9833
649817;0.9781
653117;0.9656
657902;0.9834
662275;0.9843
664545;0.9836
667997;0.9862
670136;0.9792
673444;0.9881
676927;0.9868
680608;0.9889
682871;0.9879
685348;0.9852
689195;0.9889
691398;0.9892
693933;0.9885
698336;0.9891
702555;0.9893
705681;0.99
709024;0.9885
713213;0.9879
715909;0.9886
719867;0.9848
722071;0.9851
725892;0.9902
728829;0.9867
733821;0.9899
737385;0.9897
742043;0.9906
743509;0.9888
745300;0.9889
748413;0.9905
751935;0.9904
755751;0.9846
760913;0.9912
763659;0.9866
769826;0.9846
776036;0.9776
779210;0.9907
783255;0.9919
789625;0.989
793703;0.9881
795815;0.991
799646;0.9914
803308;0.9925
805065;0.9916
809724;0.9933
812826;0.9925
818220;0.9923
822022;0.9916
825630;0.9885
830532;0.99
837025;0.987
839485;0.9829
844127;0.991
847731;0.988
852700;0.9913
855780;0.9917
857649;0.9912
859660;0.9909
863059;0.9889
865953;0.9906
868243;0.9908
871176;0.9908
873922;0.9909
877687;0.9898
879750;0.9943
883250;0.9934
886056;0.9942
889614;0.9945
892665;0.9916
896237;0.9915
900451;0.9922
903463;0.9915
905640;0.9922
908459;0.9918
910736;0.9915
913754;0.9909
918947;0.9909
921005;0.9915
924860;0.9958
929794;0.9943
932056;0.995
936393;0.994
941841;0.9921
943888;0.9918
946995;0.9944
949076;0.9951
952115;0.9936
953704;0.9912
957393;0.995
962453;0.9961
965276;0.9956
970736;0.9948
972844;0.9929
978297;0.9913
981918;0.9939
985268;0.9943
989155;0.9941
990622;0.9944
992971;0.9942
996677;0.994
1002334;0.9947
1005582;0.9945
1008052;0.9956
1010754;0.9953
1014760;0.9924
1017812;0.9917
1019435;0.9946
1023090;0.9929
1026651;0.9863
1030799;0.9888
1034532;0.9898
1035933;0.9931
1038249;0.9919
1041153;0.9924
1046449;0.9891
1051299;0.9901
1055131;0.9889
1058283;0.9912
1060869;0.9865
1063202;0.9945
1066711;0.988
1073637;0.9916
1076733;0.9937
1078957;0.9941
1082869;0.9942
1088970;0.9943
1092343;0.9947
1095100;0.994
1099182;0.9936
1105102;0.9935
1108567;0.9942
1111898;0.9911
1116850;0.99
1121556;0.9938
1124768;0.9948
1129135;0.9929
1131048;0.994
1134489;0.9954
1141749;0.9954
1146464;0.9946
1149360;0.9942
1153811;0.9923
1157986;0.9941
1160061;0.9947
1162812;0.9963
1166870;0.996
1169684;0.9959
1172759;0.9967
1176272;0.9964
1180294;0.9932
1183468;0.9919
1187570;0.992
1189759;0.9931
1192469;0.9945
1195029;0.9952
1197174;0.9967
1200561;0.9962
1204293;0.9955
1207170;0.9959
1208702;0.9958
1210423;0.9963
1213536;0.9961
1216312;0.9958
1218866;0.9955
1222197;0.9971
1224722;0.9956
1227208;0.9948
1229452;0.9959
1232005;0.9953
1236560;0.9882
1238459;0.9938
1240858;0.9958
1242106;0.9944
1244564;0.9935
1246779;0.9947
1251720;0.9965
1254412;0.9966
1256249;0.9966
1260853;0.9969
1262069;0.9971
1265932;0.9962
1268453;0.9945
1270764;0.9936
1274484;0.9906
1276591;0.9906
1280129;0.9937
1282755;0.9946
1286154;0.9951
1288238;0.9967
1294103;0.9917
1296417;0.9968
1300639;0.9955
1305586;0.9947
1308334;0.995
1313266;0.9955
1316943;0.9968
1319646;0.9973
1323053;0.9973
1326347;0.9973
1330397;0.9977
1334724;0.9977
1337137;0.9968
1339548;0.9956
1342416;0.998
1345479;0.9984
1347412;0.9977
1350643;0.998
1355418;0.9976
1358206;0.9957
1359966;0.9955
1363549;0.997
1368477;0.992
1372666;0.9978
1375456;0.9945
1377967;0.9952
1382404;0.9942
1383822;0.9972
1387017;0.9959
1391052;0.9942
1395348;0.9942
1397740;0.9949
1400119;0.9953
1404497;0.9955
1407252;0.9975
1409840;0.9971
1412393;0.9963
1416461;0.9958
1418217;0.9956
1421233;0.9957
1423706;0.994
1427849;0.996
1430567;0.9949
1434254;0.9965
1438804;0.9946
1442259;0.9948
1444315;0.9949
1448811;0.9948
1451715;0.9957
1454185;0.9943
1458061;0.9954
1460735;0.9964
1464423;0.9948
1467690;0.9975
1469544;0.9961
1471555;0.9978
1475160;0.9971
1478282;0.9968
1482010;0.9965
1486449;0.9971
1490836;0.9984
1492342;0.9971
1495027;0.9972
1497415;0.9972
1500576;0.9946
1561669;FAILED
