363438;START
363438;0.9
368532;0.9
371665;0.9
376944;0.9
378920;0.9
384157;0.9
386951;0.9
390255;0.9
393895;0.9
396835;0.9
402044;0.9
405495;0.9
409346;0.9
411764;0.9
414581;0.9
419109;0.9013
421227;0.9476
424793;0.9468
428702;0.948
431304;0.9492
435564;0.9533
440195;0.9479
443724;0.9472
446760;0.9547
448953;0.9541
454939;0.9463
457336;0.9546
461344;0.9473
465975;0.9526
471534;0.9516
474452;0.9533
478601;0.9548
481558;0.9501
485030;0.9551
487513;0.955
492009;0.9521
495388;0.9516
500107;0.9462
503568;0.9532
508388;0.9485
513272;0.9531
518029;0.956
521884;0.9545
525320;0.9551
528372;0.9557
531392;0.9555
533834;0.9554
537169;0.9562
540487;0.9552
543737;0.9556
546995;0.9552
549819;0.9543
552676;0.9473
556524;0.9551
558696;0.9505
561909;0.9578
564654;0.9576
570635;0.9586
572114;0.9555
574693;0.9567
579506;0.9586
583857;0.9582
588484;0.9602
592790;0.9597
597039;0.9596
599561;0.9577
602358;0.954
604691;0.949
609228;0.9603
613094;0.9599
616519;0.9533
621192;0.9618
625628;0.9633
632740;0.9629
636994;0.9643
639961;0.9637
643353;0.9593
647319;0.9652
650022;0.9646
653182;0.9648
657134;0.9512
661143;0.9604
664049;0.9631
667058;0.9647
672233;0.9663
674392;0.9667
679668;0.9638
685281;0.9676
689929;0.9631
693583;0.9693
696480;0.9698
700396;0.9696
704052;0.9677
710143;0.9665
713408;0.9691
714666;0.9698
721385;0.9648
724100;0.9668
728150;0.9688
732099;0.9554
735463;0.9681
738160;0.9678
741089;0.97
743843;0.9684
747097;0.9656
750336;0.967
757484;0.9726
759460;0.9682
764567;0.9686
768404;0.97
771758;0.97
777454;0.97
781490;0.9698
785454;0.9697
788822;0.9702
791567;0.9644
793569;0.9658
798171;0.9654
801336;0.9625
804689;0.9696
807468;0.9702
809923;0.9702
813056;0.9619
814427;0.9733
820043;0.9748
823786;0.9775
829232;0.9772
833158;0.9759
836293;0.9766
838731;0.9768
843267;0.974
846975;0.9777
851125;0.9739
855448;0.9668
859802;0.9783
863446;0.9767
866609;0.9757
868723;0.9761
870556;0.9709
872125;0.9626
875483;0.9771
877782;0.9776
881893;0.9789
885268;0.9761
889138;0.9758
890851;0.9722
893999;0.9745
898166;0.977
901690;0.9695
904583;0.9645
908207;0.9714
911101;0.9775
913981;0.9753
919977;0.9754
922022;0.9734
925139;0.9782
928002;0.9757
930178;0.9757
933163;0.9772
936311;0.9761
940688;0.9793
944660;0.9683
948126;0.9806
952794;0.9807
955428;0.9774
957684;0.9797
960657;0.9778
962838;0.9796
965929;0.9718
968049;0.9719
970662;0.9807
972607;0.9801
975234;0.9807
977925;0.9798
982432;0.9768
984519;0.9766
987178;0.9763
990495;0.9787
992831;0.9788
995377;0.9806
997273;0.9801
1000583;0.9799
1003842;0.9805
1007908;0.9818
1011726;0.9813
1015137;0.983
1017701;0.9793
1019416;0.9766
1023907;0.98
1028060;0.9814
1030645;0.9839
1034186;0.9833
1037400;0.9837
1039806;0.9811
1042738;0.981
1046014;0.9794
1048582;0.9796
1054025;0.9798
1057529;0.9802
1062231;0.9801
1069032;0.9804
1071497;0.9838
1074258;0.9851
1079694;0.9859
1082824;0.9828
1087375;0.9826
1093424;0.9844
1096792;0.985
1102107;0.985
1104393;0.9842
1108672;0.9848
1113116;0.9825
1114705;0.9787
1119508;0.985
1122401;0.9857
1124303;0.9864
1129363;0.9875
1131293;0.9782
1134159;0.9874
1139420;0.9805
1141755;0.9718
1144097;0.986
1147513;0.9836
1151868;0.9824
1156480;0.9828
1160283;0.9842
1163448;0.9841
1167021;0.9809
1169567;FOUND
