347170;START
347170;0.9
350023;0.9
353782;0.9
356715;0.9
359620;0.9
362578;0.9
366040;0.9
372608;0.9
376151;0.9
380020;0.9
384273;0.9
388322;0.9
392911;0.9
397898;0.9
400332;0.9
404350;0.9324
409509;0.9437
412781;0.9458
415662;0.948
419820;0.946
421299;0.9479
423219;0.9382
426201;0.9491
427592;0.9495
431629;0.9345
434381;0.9457
436996;0.9506
439919;0.949
441650;0.9445
444223;0.9354
447542;0.9476
451177;0.9411
456390;0.9487
459695;0.949
461762;0.9516
464634;0.9508
466645;0.9368
473188;0.9409
480131;0.9513
483996;0.9507
489425;0.9494
491326;0.9524
494338;0.9479
498360;0.9433
501361;0.9466
506577;0.9497
509511;0.952
512623;0.9543
515696;0.9535
520398;0.9493
523251;0.9547
526773;0.9545
528680;0.9556
531939;0.9538
534413;0.9475
539135;0.9506
541957;0.9548
548000;0.9544
551554;0.9545
555770;0.9547
558709;0.9553
562043;0.9565
565372;0.9576
568274;0.9557
572977;0.9557
576247;0.9596
580951;0.959
585621;0.9576
590459;0.9564
592804;0.9584
594527;0.9561
601492;0.9593
603593;0.961
609578;0.9587
614828;0.9608
617595;0.9635
620085;0.9646
625717;0.9635
629083;0.9607
631433;0.9627
637026;0.9648
639822;0.9666
641868;0.9658
644851;0.9668
649524;0.967
653180;0.9678
659036;0.967
661606;0.9645
665675;0.9678
668090;0.9698
670111;0.9695
673491;0.9702
678570;0.9697
683145;0.9696
687744;0.9676
691069;0.972
695015;0.974
698130;0.9716
704380;0.9746
710437;0.9735
714318;0.9727
717243;0.9722
720206;0.9726
723909;0.9742
726837;0.9744
729372;0.9743
732044;0.9718
734396;0.9782
737821;0.9723
740373;0.9798
744332;0.9713
747183;0.9777
751163;0.9771
753489;0.9805
755884;0.9771
759370;0.9786
763203;0.9788
766350;0.9798
770501;0.979
772855;0.9827
775531;0.9786
779809;0.9805
783463;0.9828
786830;0.983
789898;0.9831
792817;0.9831
796847;0.9834
799142;0.983
801509;0.9831
804277;0.9829
806608;0.9827
809411;0.9824
813132;0.9847
817642;0.9839
822577;0.9753
824395;0.9808
828933;0.9792
831509;0.9721
834354;0.9805
837668;0.9769
841914;0.9826
845912;0.9821
849147;0.9775
853197;0.9775
857675;0.9806
860642;0.9819
864670;0.9768
868603;0.9824
871351;0.985
873124;0.9844
876111;0.9851
879049;0.983
880926;0.9868
882918;0.9855
887035;0.9882
889290;0.987
893549;0.9853
897049;0.9867
900453;0.9868
904918;0.9881
906661;0.986
908845;0.9888
911711;0.9866
915367;0.9878
917971;0.98
922102;0.9849
924198;0.955
930480;0.9881
934164;0.9848
938719;0.9814
940929;0.9788
944490;0.9873
948350;0.9874
950679;0.9889
954566;0.9884
957510;0.9875
960700;0.9829
964206;0.9815
966007;0.9793
969182;0.9896
973279;0.9886
978335;0.988
981068;0.9857
985829;0.9881
990786;0.9877
993689;0.9876
996362;0.9867
1001525;0.987
1004622;0.983
1007701;0.9867
1012374;0.9873
1016986;0.9879
1019187;0.9877
1021656;0.9866
1025563;0.9865
1028880;0.9881
1030765;0.9876
1034596;0.9882
1037957;0.9885
1040978;0.9885
1042846;0.9892
1046579;0.9908
1049522;0.9907
1051376;0.9889
1055149;0.9894
1058891;0.9914
1063920;0.9915
1066376;0.9917
1068845;0.9918
1073926;0.9908
1077432;0.9923
1080304;0.9899
1087951;0.9866
1091259;0.988
1094109;0.9893
1095980;0.9866
1098356;0.9827
1102725;0.9903
1105992;0.9847
1111658;0.9841
1114468;0.9867
1116967;0.9869
1121181;0.9863
1124790;0.9823
1128391;0.9827
1129835;0.9887
1133228;0.9884
1136286;0.9855
1139708;0.9724
1141962;0.9918
1144981;0.9875
1150214;0.9911
1153324;0.9867
1157935;0.987
1163981;0.989
1166849;0.9895
1168762;0.989
1172535;0.9867
1176587;0.9905
1180236;0.9898
1182184;0.9894
1186806;0.9904
1189809;0.991
1194779;0.9917
1197701;0.9919
1200019;0.9906
1202519;0.9912
1204359;0.9922
1207238;0.9892
1211941;0.9903
1214812;0.9891
1217944;0.9908
1222412;0.9904
1226223;0.9906
1229388;0.9892
1231875;0.9882
1235454;0.9903
1238354;0.9908
1240961;0.9894
1244666;0.9909
1248925;0.9884
1252836;0.9906
1256174;0.9904
1260023;0.9911
1261977;0.9916
1264825;0.9906
1267067;0.9903
1270801;0.9909
1273848;0.9914
1277166;0.9909
1281809;0.9884
1284184;0.9887
1287499;0.9775
1289997;0.9893
1292243;0.9904
1294243;0.9815
1296227;FOUND
