331333;START
331333;0.9
333858;0.9
336174;0.9
340560;0.9
344485;0.9
346946;0.9
348695;0.9
351238;0.9
354690;0.9
357379;0.9
360558;0.9
364932;0.9
367382;0.9
372113;0.9
375938;0.9
382606;0.9227
384759;0.9497
387551;0.9516
392746;0.9487
396826;0.954
400769;0.9595
403798;0.9537
407065;0.957
410259;0.9653
412721;0.9656
418222;0.9655
421551;0.9679
423258;0.9694
425519;0.9697
428006;0.9692
432553;0.9687
435037;0.9695
438308;0.9702
443146;0.9603
446791;0.9592
450501;0.97
455023;0.9709
459204;0.976
463247;0.9727
466607;0.9755
470425;0.9756
474981;0.9677
479157;0.9733
482930;0.961
485061;0.9711
487518;0.9749
489766;0.9755
492744;0.9716
496406;0.976
499769;0.9775
504545;0.9739
506799;0.977
509401;0.9769
512750;0.9706
515800;0.9769
517798;0.9793
520251;0.977
524156;0.9712
527505;0.9805
530440;0.9721
531890;0.9739
534773;0.9795
536913;0.9798
538896;0.9767
541986;0.9788
547251;0.9757
551373;0.9813
553693;0.9762
557107;0.9806
559016;0.9806
561753;0.9801
565048;0.9812
567479;0.9793
571566;0.9812
574493;0.9785
578050;0.982
580294;0.9801
583855;0.9783
586727;0.9743
588581;0.976
592643;0.9822
598182;0.9761
601912;0.9785
605475;0.9767
607071;0.9789
611435;0.9846
614026;0.9842
617777;0.985
622258;0.9842
624922;0.9838
629989;0.985
632756;0.9818
636326;0.9856
639269;0.9863
642962;0.9771
647751;0.9804
650507;0.9839
652598;0.9849
655756;0.9844
659096;0.9821
661869;0.9783
663829;0.9746
667502;0.9785
669616;0.9793
674537;0.9851
677329;0.9861
680739;0.9842
683634;0.986
685895;0.9871
688560;0.9835
694576;0.9822
698410;0.9737
701402;0.9852
704298;0.9833
707715;0.9811
710941;0.9844
716318;0.9829
720357;0.9792
723224;0.972
727504;0.9707
730521;0.9844
733386;0.9818
735784;0.9853
739735;0.9876
744848;0.9895
747253;0.9897
752608;0.9896
755724;0.9908
761846;0.9891
764888;0.9887
770081;0.9841
772880;0.9894
775887;0.9901
779488;0.9881
782877;0.9894
787108;0.9893
789505;0.988
793587;0.9895
796223;0.9886
798718;0.9902
801999;0.9904
805016;0.9891
810039;0.9913
813024;0.9762
815313;0.9918
818498;0.9872
820205;0.9885
826541;0.9902
830585;0.9871
833880;0.9908
838168;0.9934
841618;0.9939
845194;0.9881
848840;0.9913
850828;0.9873
855678;0.9856
857088;0.9907
859688;0.9917
865828;0.9895
868964;0.9916
871185;0.9899
873452;0.9813
876779;0.9905
880221;0.9897
882629;0.9887
886325;0.9925
888394;0.9906
892620;0.9823
894729;0.9886
897801;0.9793
901592;0.989
906622;0.9901
908653;0.9895
912628;0.987
917073;0.9816
919393;0.9912
923508;0.9921
926344;0.9928
932482;0.9935
938908;0.9903
941317;0.9904
944312;0.9876
949278;0.9878
953597;0.991
956838;0.9917
961352;0.9928
963233;0.9923
965343;0.9942
968729;0.9937
970244;0.9932
973535;0.9918
975747;0.9935
977965;0.9928
981398;0.9918
985531;0.9905
989875;0.9909
995987;0.9918
999427;0.9949
1003340;0.9945
1006664;0.9939
1009033;0.9939
1011612;0.9954
1013592;0.9945
1016632;0.9949
1018890;0.9914
1021918;0.9786
1023812;0.9753
1028731;0.9947
1032758;0.9907
1038077;0.9906
1041282;0.9954
1044541;0.9953
1048709;0.9955
1051199;0.9957
1054483;0.9957
1057526;0.9919
1060892;0.9961
1066883;0.9953
1069995;0.9955
1073434;0.9941
1077595;0.9902
1080785;0.9921
1083186;0.9935
1086620;0.9958
1090617;0.9959
1094221;0.9943
1098875;0.9967
1102514;0.9962
1106485;0.9958
1111715;0.9957
1113862;0.9958
1116577;0.9959
1120146;0.9965
1124975;0.9966
1127188;0.996
1128964;0.9959
1133195;0.9959
1138510;0.9925
1143339;0.9908
1147509;0.9945
1150718;0.9966
1154841;0.9965
1160025;0.9966
1164404;0.9966
1167135;0.9965
1168663;0.9884
1172610;0.9951
1176453;0.9946
1179926;0.9904
1184700;0.9948
1187189;0.991
1189617;0.993
1193391;0.9935
1196257;0.993
1199518;0.9914
1202113;0.9947
1206248;0.9905
1209016;0.9933
1210526;0.9928
1212410;0.9921
1214132;0.99
1216891;0.9921
1218942;0.9949
1222661;0.9949
1226374;0.9946
1229993;0.995
1233446;0.9949
1236606;0.9952
1238623;0.9938
1242362;0.996
1246288;0.9955
1250792;0.9956
1252966;0.9951
1258028;0.9915
1260397;0.9963
1263351;0.9942
1266865;0.9958
1270171;0.9958
1273675;0.9952
1276016;0.9953
1280613;0.9964
1284488;0.9915
1287487;0.996
1290268;0.9969
1294109;0.997
1297190;0.9968
1299745;0.9966
1303162;0.9964
1307316;0.9938
1310140;0.9963
1312237;0.9969
1314936;0.9969
1319551;0.9943
1321423;0.9939
1325103;0.994
1329009;0.9959
1332103;0.997
1336169;0.9979
1340525;0.9978
1344046;0.9978
1348010;0.9979
1354208;0.9957
1358786;0.9932
1361070;0.9933
1364402;0.9934
1370037;0.9954
1375713;0.9958
1378390;0.997
1380755;0.9964
1383612;0.9962
1387267;0.996
1392418;0.9962
1397078;0.9969
1399457;0.9923
1403436;0.9979
1408194;0.9965
1410729;0.9935
1416317;0.9961
1420824;0.9975
1423249;0.9915
1425830;0.9946
1428230;0.995
1431756;0.9953
1436193;0.9956
1438281;0.9964
1440761;0.9957
1445345;0.9955
1449391;0.9954
1452359;0.995
1455223;0.9945
1466001;FOUND
