379048;START
379048;0.9
381711;0.9
385431;0.9
390072;0.9
393811;0.9
397147;0.9
398616;0.9
400966;0.9
402646;0.9
410701;0.9
413859;0.9
417141;0.9
420119;0.9
422032;0.9
425650;0.9
428482;0.9
431075;0.9
434500;0.9
436952;0.9
440632;0.9002
443034;0.9522
446262;0.9328
450522;0.9452
455106;0.9491
457613;0.9453
461792;0.9481
464199;0.9473
467862;0.9591
470999;0.9483
475720;0.962
478215;0.9567
480024;0.9643
484349;0.9646
487993;0.9661
490482;0.9672
495461;0.9636
497814;0.9651
505142;0.9615
508145;0.9602
511392;0.963
515737;0.9678
517343;0.9686
520101;0.9663
521351;0.9623
526241;0.9637
529572;0.9675
533633;0.9688
536744;0.9756
542208;0.9779
547504;0.9783
550297;0.9753
553243;0.9743
559370;0.9722
562737;0.9749
565402;0.9756
570747;0.9778
573604;0.9798
577046;0.9833
581197;0.9836
584032;0.9838
586445;0.9832
588678;0.9825
590450;0.9817
595003;0.9811
598257;0.9697
600777;0.981
604048;0.9835
608099;0.9803
609985;0.9829
611781;0.9724
616181;0.9846
619114;0.9793
623891;0.981
627802;0.9778
631030;0.9759
634980;0.9849
637531;0.9652
640063;0.9827
644380;0.9813
648421;0.982
654927;0.9812
658213;0.9795
662291;0.981
666926;0.9837
669753;0.983
671687;0.9849
675960;0.9821
680307;0.9842
682386;0.9852
688439;0.9858
691636;0.9846
694163;0.9876
697622;0.9707
700912;0.9754
703079;0.9877
707528;0.9869
712111;0.9869
715047;0.9808
720202;0.9877
726285;0.9849
729158;0.9818
731483;0.9834
735583;0.9883
741058;0.9833
747153;0.9872
749314;0.9893
752339;0.9897
757013;0.9895
761885;0.9906
765232;0.9901
770975;0.9881
774467;0.9886
778823;0.9892
782129;0.9894
786484;0.9873
789995;0.9888
795793;0.9865
800988;0.9899
804939;0.9898
808000;0.9894
812229;0.9896
816470;0.9866
821560;0.9885
823339;0.988
825534;0.9895
830330;0.9907
833087;0.9908
837287;0.9925
841472;0.9925
842933;0.9912
846200;0.9915
848936;0.9912
853227;0.9909
855722;0.9911
858809;0.9911
862238;0.9903
865632;0.9919
869829;0.9902
872178;0.9885
875599;0.987
876575;0.9887
878260;0.9894
882978;0.9897
885787;0.9898
889931;0.99
891650;0.9919
897469;0.9912
901260;0.9914
904063;0.9915
906953;0.9915
911478;0.9894
914780;0.9914
918952;0.9909
922679;0.9899
925285;0.9898
931522;0.9899
934346;0.9868
938465;0.9886
941541;0.9901
944685;0.9912
946303;0.9897
948753;0.9917
951915;0.9915
953972;0.9897
959177;0.9919
962544;0.9871
966762;0.9826
969454;0.9887
972297;0.9885
974574;0.9846
978498;0.9891
980033;0.9865
982651;0.9897
986343;0.986
990489;0.9911
993051;0.99
996795;0.9865
1000342;0.9892
1005377;0.9897
1009135;0.9911
1012729;0.9894
1016928;0.9884
1019803;0.9897
1024363;0.9844
1029151;0.987
1033389;0.9873
1037068;0.9866
1039949;0.9881
1042898;0.9879
1046129;0.9868
1048424;0.9892
1050998;0.9877
1057430;0.9902
1062140;0.9918
1065548;0.9903
1068311;0.989
1071942;0.9872
1075340;0.9871
1078696;0.9891
1081351;0.9918
1085167;0.9928
1088804;0.9929
1091191;0.9935
1094588;0.993
1097268;0.9928
1101784;0.9934
1104624;0.9932
1109080;0.9932
1112635;0.9928
1115171;0.9931
1120419;0.9873
1123765;0.9877
1127538;0.9864
1130240;0.9921
1135950;0.9912
1138620;0.9844
1141517;0.986
1143913;0.9898
1145746;0.9905
1151098;0.9897
1154314;0.989
1157224;0.9895
1159667;0.9905
1164123;0.9904
1166880;0.9887
1168185;0.9917
1171620;0.9921
1174006;0.9912
1181827;0.993
1184504;0.9933
1188506;0.9931
1191666;0.9919
1195766;0.9902
1198940;0.9925
1201243;0.9932
1205210;0.9899
1209455;0.988
1213406;0.989
1216282;0.9901
1220768;0.9903
1222469;0.99
1224812;0.9907
1227419;0.9911
1231909;0.9891
1235672;0.9921
1239239;0.992
1241742;0.9914
1243765;0.9898
1247356;0.9897
1250440;0.9932
1254844;0.9915
1258941;0.9903
1263125;0.9935
1268239;0.9919
1271352;0.9923
1273641;0.992
1275460;0.9923
1278944;0.9915
1282108;0.9924
1285664;0.9923
1290029;0.992
1293060;0.9922
1297806;0.9911
1301297;0.9914
1303621;0.9913
1308492;0.9777
1312198;0.9856
1316360;0.9851
1319030;0.989
1321403;0.9895
1324169;0.99
1327321;0.9903
1332030;0.9874
1334223;0.9875
1338578;0.9878
1340418;0.9895
1343607;0.9869
1346637;0.9863
1350946;0.9882
1355279;0.9885
1358602;0.9876
1362692;0.9875
1366785;0.9895
1369044;0.9894
1371659;0.9895
1373315;0.9876
1376367;0.9925
1379204;0.9896
1381762;0.9917
1386313;0.992
1390709;0.9916
1393052;0.9921
1396102;0.9939
1399223;0.9915
1401873;0.993
1403462;0.9941
1408267;0.9925
1410942;0.9939
1414266;0.9942
1418523;0.9933
1422038;0.9925
1425879;0.9949
1430780;0.995
1432551;0.995
1437199;0.995
1439495;0.9953
1442533;0.9937
1446178;0.996
1451954;0.9961
1454901;0.9937
1459658;0.9939
1463965;0.9928
1467867;0.9924
1472144;0.9922
1476276;0.9934
1478775;0.9925
1481136;0.9948
1484932;0.9912
1489095;0.9934
1493727;0.9924
1497846;0.9931
1500324;0.9913
1503938;0.9905
1507771;0.9912
1509922;0.9925
1512152;0.9952
1515309;0.9949
1518695;0.9936
1521517;0.9928
1526777;0.9922
1532132;0.9919
1534171;0.9942
1539683;0.9944
1543810;0.9917
1548018;0.9957
1551078;0.9934
1554269;0.9935
1557934;0.995
1562899;0.9952
1567378;0.9939
1571108;0.9934
1575260;0.9934
1577074;0.9935
1581442;0.9935
1585690;0.9945
1590344;0.9943
1595208;0.9942
1598306;0.9945
1602351;0.9944
1605428;0.9906
1608332;0.9959
1612731;0.9955
1616976;0.9935
1621426;0.9944
1627133;0.996
1628509;0.9936
1632239;0.9857
1634356;0.994
1641573;0.9922
1644538;0.9912
1647679;0.989
1650928;0.9883
1654296;0.9884
1657062;0.9824
1711565;FOUND
