346807;START
346807;0.9
349871;0.9
352569;0.9
355972;0.9
358448;0.9
360640;0.9
363454;0.9
368198;0.9
372366;0.9
376001;0.9
378921;0.9
383122;0.9
385890;0.9
392358;0.9
395064;0.9
398373;0.9287
402918;0.9396
406350;0.9447
408556;0.9443
410883;0.9436
414188;0.9472
416710;0.9495
420311;0.9497
424125;0.9478
426165;0.9488
431298;0.9488
433612;0.95
437797;0.9482
441014;0.9338
447395;0.9509
450377;0.9482
455226;0.9493
458149;0.9526
461134;0.9527
465182;0.9533
468367;0.9526
472585;0.9421
477287;0.9398
480988;0.9547
484612;0.9527
487297;0.955
490651;0.9533
496313;0.9518
501394;0.9549
504010;0.9541
507388;0.9565
509831;0.958
513267;0.9575
518729;0.956
522117;0.9583
525260;0.9583
527685;0.9402
529817;0.9502
531813;0.9574
534334;0.954
537897;0.9552
540475;0.96
545232;0.9626
546908;0.9614
553852;0.9573
557119;0.9554
562021;0.9584
565840;0.955
568843;0.9589
573101;0.9559
576925;0.9607
581966;0.9631
585770;0.9633
588074;0.9655
590853;0.9633
593032;0.9667
596374;0.9651
599367;0.9687
604135;0.9716
608364;0.9709
612992;0.9656
616450;0.9705
622779;0.974
627991;0.9749
632109;0.974
635009;0.9716
637497;0.9728
640223;0.9757
643763;0.978
646583;0.9788
649175;0.9799
652824;0.9795
655622;0.9767
657981;0.9814
660636;0.9812
664017;0.9825
669647;0.9798
673325;0.9848
679053;0.9844
683420;0.9837
687322;0.9857
689717;0.9841
693647;0.9829
697441;0.9829
701005;0.986
703608;0.9851
707937;0.9855
709599;0.9849
712868;0.9823
716515;0.9729
717266;FOUND
