347722;START
347722;0.9
352134;0.9
356698;0.9
359017;0.9
363521;0.9
367174;0.9
370141;0.9
374300;0.9
378350;0.9
381642;0.9
384714;0.9
386721;0.9
389820;0.9
393430;0.9
397448;0.9
399860;0.9
404508;0.9
407755;0.9
410255;0.9
413141;0.9
417167;0.9
420791;0.9
423818;0.9
428885;0.9
430714;0.9
434497;0.9
440602;0.9364
445066;0.946
448202;0.9473
452340;0.9429
455146;0.9479
457567;0.9533
459312;0.9563
461537;0.939
464059;0.9533
468036;0.9531
471068;0.9551
475604;0.9388
479102;0.9362
482670;0.956
487531;0.9569
492341;0.9601
496306;0.9575
501496;0.9619
504179;0.9618
508730;0.9676
512576;0.9678
515444;0.9688
518305;0.9684
522518;0.9664
526148;0.9592
528806;0.9701
533554;0.9707
537444;0.9721
541302;0.9734
544260;0.9749
548200;0.9703
550726;0.9735
553821;0.9709
557318;0.9721
559852;0.9651
565357;0.9704
568751;0.9706
571339;0.9708
574792;0.9723
578095;0.9554
585096;0.9697
588347;0.9695
590118;0.9753
593559;0.9766
598724;0.9752
602819;0.972
606154;0.9712
610731;0.9755
613888;0.9754
616953;0.9659
621084;0.9766
624189;0.9789
626616;0.974
629521;0.9713
632159;0.9731
635971;0.9679
639213;0.975
641408;0.9756
644420;0.9672
649318;0.9687
652245;0.9739
653852;0.9732
657233;0.9763
661334;0.9719
664851;0.9771
669565;0.9776
671574;0.9787
674517;0.9777
679775;0.9755
683220;0.9755
688046;0.9744
692232;0.98
694438;0.9742
696339;0.9796
700299;0.9799
703918;0.9754
706126;0.9786
709553;0.9797
712266;0.9775
716130;0.9786
718252;0.977
721925;0.9781
724038;0.9784
729744;0.9784
731404;0.9763
734456;0.9787
738732;0.9761
741245;0.9714
744732;0.9726
747588;0.9778
752700;0.9762
756322;0.9794
759061;0.9719
760599;0.9775
763462;0.9771
767307;0.9766
769436;0.9755
772074;0.9752
774378;0.9698
776042;0.9661
778866;0.9735
781430;0.9795
784395;0.9797
788302;0.9797
791195;0.981
793534;0.981
797420;0.9777
798721;0.9802
800407;0.9799
804428;0.9806
808496;0.9833
811091;0.9823
814835;0.9834
818776;0.9791
824165;0.9812
827032;0.98
830066;0.9825
832619;0.9706
833851;0.9843
838079;0.9831
840725;0.9838
845087;0.9847
848193;0.9846
852858;0.9847
854920;0.9854
858368;0.9798
860450;0.9862
863133;0.9855
866956;0.9839
869086;0.985
870919;0.9787
876348;0.9833
879018;0.9831
881227;0.9846
883205;0.9832
887020;0.9853
889498;0.981
892259;0.987
895457;0.9878
898663;0.9871
904472;0.9834
906808;0.9784
909755;0.9774
913347;0.9854
917632;0.9892
921433;0.9861
924056;0.9879
927003;0.9888
929409;0.9886
931809;0.9851
935827;0.983
940516;0.9852
944465;0.9899
947587;0.9909
949742;0.9894
952592;0.9829
954461;0.9889
958863;0.991
962213;0.9911
964642;0.9917
968160;0.9916
971851;0.9924
973515;0.9921
976367;0.9907
978948;0.9889
981770;0.9919
986260;0.9891
989183;0.978
992146;0.9893
995024;0.9925
997814;0.9871
1001164;0.9748
1004947;0.9816
1009512;0.9857
1012096;0.9741
1016190;0.9799
1018395;0.9882
1022435;0.9864
1025694;0.9835
1028653;0.9843
1032295;0.9831
1035743;0.9871
1038875;0.9901
1040611;0.9913
1043294;0.9903
1048141;0.9921
1051862;0.9929
1054552;0.9926
1061288;0.9919
1064632;0.9915
1068302;0.9911
1071287;0.9936
1074964;0.9933
1077094;0.9936
1079399;0.9936
1082587;0.9936
1086147;0.9938
1089354;0.9932
1092572;0.9937
1096627;0.9906
1100617;0.9945
1103822;0.9925
1107943;0.9905
1112149;0.9842
1115656;0.9926
1119461;0.9938
1124360;0.9938
1127007;0.9925
1131642;0.9932
1135540;0.9927
1138072;0.9919
1141371;0.9936
1145931;0.992
1147738;0.989
1151931;0.9953
1156425;0.9952
1159051;0.9944
1163603;0.9955
1166114;0.9924
1170198;0.9917
1172995;0.9929
1176555;0.993
1179099;0.9945
1182557;0.9941
1186769;0.995
1190820;0.9942
1193577;0.9951
1198006;0.995
1200971;0.9909
1206213;0.991
1208945;0.9946
1211605;0.9949
1215582;0.9944
1217470;0.9918
1220427;0.993
1223919;0.9937
1228125;0.9939
1233922;0.9948
1236445;0.9957
1241052;0.996
1244620;0.9952
1247950;0.994
1251133;0.9937
1253897;0.9943
1258118;0.9931
1262742;0.9924
1266939;0.9923
1270604;0.9955
1273740;0.9848
1276707;0.9951
1280533;0.9954
1284479;0.9952
1286230;0.9937
1289193;0.9935
1292008;0.9938
1295578;0.9935
1299558;0.9919
1302947;0.9919
1305055;0.9927
1309823;0.9933
1312411;0.9894
1315288;0.9888
1318814;0.9895
1321316;0.9907
1325018;0.9914
1328231;0.9926
1333207;0.9927
1338266;0.9935
1341502;0.9942
1344442;0.9944
1346453;0.9959
1352044;0.9961
1355434;0.9968
1358638;0.9939
1360462;0.9918
1363969;0.9932
1366428;0.9949
1371436;0.9969
1375978;0.9977
1378750;0.9937
1381929;0.9973
1384499;0.997
1389345;0.9942
1393043;0.9962
1396274;0.9962
1400059;0.9974
1402726;0.9964
1406621;0.9964
1413443;0.9966
1415263;0.998
1418172;0.9971
1420711;0.997
1423623;0.9848
1427311;0.9766
1431277;0.9963
1434593;0.9876
1436118;0.987
1438943;0.9875
1442452;0.9962
1447783;0.9967
1451022;0.9981
1454188;0.9974
1456905;0.9974
1460775;0.9977
1464596;0.9974
1468765;0.9974
1471080;0.9974
1474803;0.996
1477743;0.9943
1480445;0.9954
1483728;0.996
1489701;0.9967
1492696;0.9957
1495565;0.995
1498560;0.9955
1502394;0.9959
1505126;0.9938
1508944;0.9933
1512034;0.9963
1514401;0.9961
1515598;0.9966
1518922;0.9965
1522720;0.996
1525728;0.9955
1528369;0.9971
1534101;0.9952
1537916;0.9947
1543167;0.9947
1546132;0.995
1550169;0.9951
1554776;0.9951
1559473;0.9954
1564019;0.9954
1566656;0.9958
1572456;0.9944
1575130;0.9925
1579123;0.992
1582273;0.9927
1585026;0.993
1586936;0.9963
1592717;0.9966
1596133;0.9965
1599340;0.9959
1605140;0.9951
1609204;0.9967
1611719;0.9975
1614763;0.9975
1616560;0.9974
1618795;0.9979
1623222;0.9966
1626880;0.9968
1631728;0.9966
1637636;0.9965
1641819;0.9969
1644228;0.9951
1647737;0.9976
1651078;0.9975
1653854;0.9969
1656426;0.9972
1660571;0.9964
1662991;0.9961
1666178;0.9961
1669683;0.9961
1675411;0.9976
1679228;0.9975
1683734;0.9975
1685619;0.9975
1687635;0.9971
1690015;0.9976
1693598;0.9943
1699449;0.992
1703979;0.9972
1707301;0.9966
1709760;0.9965
1713528;0.9965
1716429;0.9964
1719266;0.9963
1721804;0.9963
1724872;0.9963
1728105;0.9964
1732657;0.9962
1735897;0.9964
1738421;0.9966
1743590;0.9965
1745589;0.9965
1748656;0.9965
1752255;0.9969
1755306;0.9976
1758084;0.9974
1763074;0.9978
1765699;0.9976
1768734;0.9974
1769728;0.9974
1774293;0.9974
1778286;0.9964
1780685;0.9968
1785110;0.9961
1787656;0.9968
1792300;0.9967
1794751;0.9969
1797677;0.9969
1800336;0.9973
1804844;0.9964
1807848;0.9907
1811571;0.9949
1814617;0.9955
1816558;0.9955
1820246;0.9959
1823650;0.9958
1827325;0.9957
1829597;0.9958
1833076;0.9957
1836609;0.9808
1838497;0.9792
1842712;0.9952
1847232;0.9916
1850728;0.9934
1853882;0.9948
1859107;0.9975
1861987;0.9947
1865956;0.9979
1872264;0.9976
1877244;0.9962
1880567;0.9956
1885386;0.9979
1887354;0.9972
1890271;0.9966
1892183;0.9971
1895401;0.9954
1898574;0.9926
1902323;0.9963
1905140;0.9965
1911342;0.9955
1914353;0.996
1917241;0.9968
1920302;0.9972
1926989;0.9972
1929660;0.9973
1932156;0.9973
1934301;0.9984
1937669;0.9983
1940966;0.9983
1944552;0.9978
1948435;0.9974
1951480;0.9973
1955576;0.9972
1960868;0.9979
1963679;0.9985
1966251;0.998
1968376;0.998
1972209;0.9981
1977014;0.9983
1980133;0.9982
1983816;0.9978
1985496;0.9981
1988485;0.9986
1991402;0.9956
1994830;0.9947
2036326;FAILED
