328181;START
328181;0.9
330436;0.9
333971;0.9
339047;0.9
340943;0.9
343783;0.9
347247;0.9
350939;0.9
355606;0.9
359410;0.9
362709;0.9
366012;0.9
369278;0.9
372443;0.9
375967;0.9
379000;0.9
382866;0.9
385877;0.9
389135;0.9
394954;0.9
397387;0.9
403176;0.9
406857;0.9
410990;0.9461
413852;0.9494
416829;0.9483
420337;0.9505
425439;0.949
427798;0.9524
431758;0.9504
435873;0.949
439256;0.9498
441410;0.9505
443671;0.942
447202;0.9503
450069;0.9482
453416;0.9476
457076;0.9398
461140;0.9482
464793;0.9495
469254;0.9514
471045;0.9541
474555;0.9532
477136;0.9521
481951;0.9532
485636;0.953
490170;0.9547
493842;0.956
496620;0.9546
500796;0.9547
503535;0.9462
506387;0.9551
510268;0.9519
515120;0.9564
519347;0.9471
523065;0.9511
526320;0.9528
528824;0.9528
532230;0.9502
535166;0.9529
539077;0.9511
541977;0.9494
545421;0.9518
547483;0.9548
549807;0.9549
552740;0.9562
555149;0.9559
556557;0.9557
560418;0.9469
563946;0.9505
567747;0.9591
571278;0.9596
573193;0.9592
578243;0.9597
581570;0.9586
584787;0.9599
590673;0.9593
595222;0.9588
599254;0.9462
604012;0.9508
609371;0.9616
612167;0.9574
616363;0.9563
619681;0.9625
621784;0.9597
623382;0.9615
626804;0.9642
630342;0.9649
634643;0.9608
637259;0.963
640044;0.9653
641804;0.9681
646775;0.9635
649733;0.9653
652363;0.9657
657243;0.9665
660643;0.9669
663066;0.9613
665582;0.9686
667977;0.9684
670773;0.9536
673027;0.9565
676691;0.9707
680496;0.9701
683490;0.963
687931;0.9691
689838;0.9708
692778;0.9717
698241;0.9702
701358;0.9756
705144;0.9692
708614;0.9738
712094;0.9783
716113;0.978
718319;0.9753
721452;0.9739
724225;0.9769
727300;0.9765
730214;0.9786
735829;0.9754
739201;0.9765
742006;0.9785
746516;0.976
750104;0.9768
755643;0.9775
759553;0.9782
762950;0.9782
765662;0.9778
771152;0.9769
774342;0.9802
779884;0.9792
784257;0.9786
787788;0.9783
789532;0.9809
792952;0.9808
796052;0.982
800124;0.9813
802116;0.9818
804780;0.9789
808537;0.9744
811409;0.9707
814060;0.9816
817331;0.9819
820670;0.9815
824556;0.9789
827066;0.9796
829719;0.9792
836461;0.9653
843356;0.977
846114;0.9777
848554;0.9763
850758;0.9807
855247;0.9831
861910;0.982
864709;0.9784
866981;0.9708
868790;0.9776
873136;0.9748
876641;0.98
878284;0.9793
884771;0.9764
887486;0.9815
890387;0.9819
895155;0.9825
897884;0.9818
901094;0.9823
903550;0.9843
905246;0.9839
909681;0.9805
912089;0.9852
914852;0.9828
918382;0.981
922201;0.9804
924699;0.9848
928993;0.9822
931420;0.9737
937287;0.9863
942394;0.9863
945731;0.9856
950384;0.9856
952417;0.9853
955588;0.9857
960218;0.9852
963105;0.9832
965725;0.9788
968341;0.9851
972320;0.9871
974673;0.9878
976316;0.9859
978536;0.9874
981200;0.9881
985024;0.9882
987449;0.9853
991421;0.9898
995070;0.9891
998320;0.9891
1001319;0.9893
1005626;0.9895
1008632;0.9885
1010689;0.9888
1014206;0.9901
1016569;0.9901
1018949;0.9894
1024246;0.9884
1027270;0.9894
1029319;0.9903
1032955;0.9897
1037966;0.9901
1040961;0.9905
1043364;0.991
1045953;0.9911
1050974;0.9913
1054802;0.9908
1057208;0.9906
1062195;0.9914
1067510;0.9916
1070006;0.9923
1072953;0.9915
1076140;0.9895
1080213;0.991
1084947;0.9898
1088428;0.9894
1092501;0.9892
1095233;0.9903
1097809;0.9909
1102449;0.9914
1105182;0.9906
1110114;0.9912
1113309;0.9889
1115896;0.9906
1118922;0.9909
1121883;0.9899
1124778;0.9922
1127972;0.9921
1129849;0.9858
1131733;0.9874
1135811;0.9922
1140731;0.9899
1144469;0.9916
1148371;0.9922
1154160;0.992
1158702;0.99
1162344;0.9916
1163551;0.9919
1168280;0.9924
1170589;0.9923
1172358;0.9925
1175362;0.9916
1180267;0.9924
1184646;0.9923
1188102;0.9905
1191399;0.985
1193345;0.9921
1197524;0.9916
1206029;0.9917
1209517;0.992
1211963;0.9915
1215772;0.9923
1218549;0.9901
1221864;0.9923
1224699;0.9908
1228350;0.9927
1232359;0.99
1235636;0.9891
1237917;0.9897
1241474;0.9905
1246085;0.9854
1250514;0.9875
1253541;0.9901
1257343;0.9912
1260313;0.9901
1262863;0.9872
1266657;0.9895
1271457;0.9941
1274606;0.9944
1277259;0.9936
1280896;0.9931
1284140;0.9924
1289850;0.992
1293223;0.9921
1296048;0.9927
1301098;0.9936
1304511;0.9933
1307913;0.9934
1309786;0.9932
1312893;0.9933
1318137;0.9921
1323097;0.9946
1326248;FOUND
