341802;START
341802;0.9
344444;0.9
346747;0.9
350261;0.9
353476;0.9
358129;0.9
361568;0.9
366403;0.9
370583;0.9
372761;0.9
375307;0.9
377755;0.9
380003;0.9
382863;0.9
386100;0.9254
388120;0.9461
392775;0.946
395189;0.9513
399768;0.9517
401988;0.9455
405402;0.9515
406910;0.9506
410607;0.9479
415308;0.9528
417957;0.9392
421081;0.9559
423159;0.9536
427930;0.9574
430999;0.9595
438385;0.9589
440972;0.959
444293;0.9603
448603;0.9593
455114;0.9585
458224;0.9593
460504;0.9599
463647;0.9599
466698;0.9606
469140;0.9639
472540;0.9555
475532;0.9634
479621;0.9539
481512;0.9635
484821;0.9632
488781;0.9664
492698;0.9666
494445;0.9675
497386;0.9644
500862;0.9612
504307;0.9706
507558;0.9702
511514;0.9699
514710;0.9722
518098;0.9728
523576;0.9689
529911;0.9657
532813;0.9728
536408;0.9716
537469;0.9673
540970;0.9754
545086;0.9764
549058;0.978
552240;0.9763
554999;0.9803
557554;0.9805
560422;0.9791
563010;0.9784
566477;0.981
569785;0.9811
572274;0.9762
578161;0.9752
581503;0.9747
583588;0.9734
585960;0.9754
590697;0.9744
593610;0.9789
596919;0.9799
600989;0.9697
606458;0.9803
608811;0.9809
615403;0.9814
620263;0.9797
623637;0.9787
625873;0.9778
629082;0.9795
632435;0.9786
634795;0.9812
638086;0.9784
641489;0.9798
643998;0.9824
647805;0.9825
651032;0.9825
653815;0.9835
659221;0.9827
664797;0.9797
669344;0.9843
674076;0.985
677575;0.9764
679338;0.9818
681055;0.9721
683711;0.9738
688958;0.9787
692863;0.978
696383;0.9774
700127;0.9804
703241;0.9818
705816;0.9824
707619;0.9825
709437;0.9831
713099;0.9816
717775;0.9828
721819;0.9846
725226;0.9836
730207;0.9828
732406;0.982
735144;0.9791
738400;0.9811
743271;0.983
745838;0.9843
747708;0.9813
751671;0.9818
753546;0.9851
757925;0.9846
761412;0.9858
765449;0.9809
771631;0.9814
776313;0.9862
779674;0.9866
784068;0.9821
787178;0.9859
791765;0.985
794966;0.9847
799632;0.9821
801075;FOUND
