344867;START
344867;0.9
349980;0.9
353299;0.9
356446;0.9
359255;0.9
362230;0.9
367658;0.9
370774;0.9
372227;0.9
374452;0.9
378575;0.9
381727;0.9
384888;0.9
389311;0.9
393347;0.9
396528;0.9
398065;0.9
402629;0.9
406834;0.9
411575;0.9
414612;0.9
418615;0.9
422775;0.9
426789;0.9
432064;0.9
434746;0.9378
437482;0.9516
439549;0.9547
443023;0.9513
445979;0.9509
449255;0.9489
454240;0.9376
458892;0.9521
462110;0.9465
465478;0.9518
468257;0.9561
471274;0.9548
475081;0.952
478205;0.9558
479863;0.9557
483571;0.9554
486858;0.9574
490405;0.9558
494918;0.9447
498708;0.9609
503365;0.9625
507031;0.9527
509369;0.9646
512309;0.9648
516855;0.966
520396;0.9593
523667;0.9663
528688;0.9684
531500;0.966
534440;0.9673
539260;0.9635
542768;0.9673
546099;0.9692
548964;0.9675
552099;0.9667
554111;0.9707
557426;0.9715
561762;0.9708
565340;0.9678
567576;0.9701
571149;0.9721
573360;0.9732
576484;0.9727
579712;0.977
583606;0.9757
585440;0.9743
590221;0.9683
593581;0.9758
596714;0.9757
601125;0.9759
603913;0.9712
606439;0.9779
610036;0.9797
616168;0.9805
618509;0.9794
621264;0.9823
625877;0.9831
628071;0.9834
631615;0.981
635599;0.985
639008;0.9828
642158;0.9785
647652;0.9707
650754;0.972
653412;0.97
655569;0.976
660633;0.9836
664876;0.9845
666857;0.9844
670414;0.9846
672947;0.9815
678527;0.979
682377;0.9818
685921;0.9816
688234;0.9824
692225;0.9756
694630;0.9813
697774;0.9795
702286;0.9808
705437;0.9801
708105;0.9738
711740;0.9823
715245;0.9801
717092;0.9763
719614;0.9813
725926;0.9828
729669;0.9842
732244;0.9787
735563;0.9784
737977;0.9855
740797;0.9755
745846;0.9829
749521;0.9866
753466;0.986
758461;0.9869
761727;0.9853
764432;0.9856
766570;0.9869
770052;0.9861
772402;0.9853
779583;0.9862
781196;0.9872
785711;0.9866
788358;0.9821
792170;0.9834
795733;0.9782
798303;0.9862
800876;0.9868
805296;0.9853
808377;0.9829
810464;0.9826
816395;0.9828
819093;0.9831
824094;0.9818
827742;0.9732
830521;0.9852
832958;0.9819
835522;0.9814
839149;0.9886
840598;0.9897
843059;0.989
847450;0.9871
850487;0.9888
852373;0.9886
856831;0.9877
858605;0.989
862276;0.9901
865408;0.9894
868217;0.9888
871657;0.9893
873387;0.988
876670;0.988
881722;0.989
886760;0.9889
890905;0.9877
894600;0.9885
897598;0.9901
899942;0.9896
901653;0.9899
905112;0.9893
908673;0.9901
911768;0.9892
916398;0.99
922018;0.9902
924156;0.9903
928465;0.9905
931331;0.9907
933836;0.9903
936892;0.9877
940381;0.9902
944361;0.9894
947213;0.9904
950165;0.9891
952965;0.9914
954757;0.9915
957233;0.9911
961404;0.9908
964430;0.9905
967302;0.9909
970061;0.9901
973864;0.9894
978344;0.9913
982121;0.9879
985011;0.9844
988305;0.988
992411;0.989
996502;0.9896
998368;0.9891
1001845;0.9885
1005968;0.9897
1009256;0.9895
1013140;0.9901
1016765;0.9904
1018680;0.9902
1022107;0.9881
1025191;0.9891
1027978;0.9903
1032382;0.9907
1037002;0.988
1038533;0.9915
1040932;0.9912
1043218;0.9901
1047513;0.9918
1050229;0.9903
1055704;0.9922
1059407;0.9926
1063865;0.9918
1065885;0.9924
1067245;0.9885
1070476;0.9795
1074418;0.9781
1077759;0.9901
1081148;0.9914
1083491;0.9899
1085440;0.9908
1088925;0.989
1092086;0.9909
1094045;0.9886
1099046;0.9887
1101121;0.9897
1104607;0.9878
1108525;0.9911
1111838;0.9915
1116579;0.9914
1119281;0.9913
1123065;0.9914
1126084;0.9923
1128701;0.9924
1133017;0.9906
1136479;0.9874
1140206;0.9929
1142802;0.9914
1144151;0.9918
1149298;0.9917
1153744;0.9937
1158936;0.9814
1161140;0.9914
1163197;0.9932
1165375;0.9946
1168243;0.9907
1170734;0.9939
1174642;0.9944
1180400;0.9947
1183466;0.9924
1187962;0.9943
1191133;0.995
1192882;0.995
1197954;0.9952
1200492;0.9955
1203652;0.9955
1206733;0.9954
1208547;0.9943
1211992;0.993
1216614;0.9935
1219569;0.9926
1222256;0.9922
1227704;0.9936
1230520;0.9957
1232613;0.9945
1236234;0.9956
1241114;0.9948
1243783;0.9947
1245908;0.9957
1248560;0.9947
1251413;0.9936
1254096;0.9939
1257710;0.9944
1260170;0.993
1261966;0.9955
1265944;0.9951
1270285;0.9962
1272924;0.9925
1276680;0.9911
1279869;0.9928
1281208;0.9954
1283691;0.9959
1287313;0.9956
1292517;0.9954
1295828;0.9955
1300314;0.9965
1304739;0.9964
1307503;0.9966
1309518;0.9961
1313675;0.9962
1316767;0.9962
1319670;0.9964
1321881;0.9955
1325249;0.9942
1328378;0.9932
1331010;0.9967
1335141;0.996
1337313;0.9968
1339915;0.9967
1342663;0.9966
1344726;0.9957
1348271;0.996
1350254;0.9962
1354122;0.9965
1358243;0.9957
1361870;0.9963
1364398;0.994
1368288;0.9923
1371559;0.9965
1373598;0.9961
1376755;0.9959
1380714;0.9964
1386350;0.9954
1392012;0.995
1394863;0.995
1397887;0.9951
1399738;0.9951
1403431;0.9963
1405113;0.9964
1407186;0.9965
1410180;0.9965
1412257;0.9965
1415377;0.9965
1418486;0.9967
1420976;0.9962
1424206;0.9928
1427604;0.9862
1430646;0.9953
1434068;0.9958
1438844;0.9963
1443699;0.9965
1448427;0.9966
1451959;0.9961
1457214;0.9945
1463011;0.9954
1466603;0.9963
1469409;0.9973
1471821;0.9974
1475037;0.9976
1477672;0.997
1481128;0.994
1484680;0.9939
1487344;0.9946
1491117;0.9953
1492874;0.9977
1495962;0.9975
1497737;0.9965
1499561;0.9946
1503106;0.9958
1505057;0.9941
1508915;0.9977
1511141;0.9965
1514284;0.9975
1518364;0.998
1519935;0.9981
1522610;0.9978
1527871;0.9979
1528503;FOUND
