361384;START
361384;0.9
364300;0.9
367763;0.9
372508;0.9
375937;0.9
377914;0.9
382345;0.9
385200;0.9
388629;0.9
390826;0.9
392312;0.9
395256;0.9
399734;0.9
404066;0.9
406304;0.9
408769;0.9
412580;0.9306
416412;0.9499
419322;0.9434
424356;0.9481
426556;0.9512
429388;0.9451
432648;0.9524
436065;0.9491
440235;0.9546
443116;0.956
446396;0.9554
450207;0.9424
453114;0.9407
457726;0.9551
464830;0.9571
468883;0.9537
473158;0.9524
478111;0.9556
483070;0.9578
486844;0.9585
490434;0.9605
493347;0.957
497764;0.954
500834;0.9588
503894;0.9523
506697;0.9565
511339;0.9595
514569;0.9595
519747;0.9557
522855;0.9586
524596;0.9619
526533;0.955
529222;0.9609
533435;0.9625
535844;0.9636
537513;0.9644
541635;0.9623
545035;0.9609
549185;0.9619
555111;0.9626
559833;0.9566
564378;0.9621
569611;0.9645
572899;0.9653
576074;0.9596
579741;0.9636
584388;0.9663
587099;0.9648
590412;0.9679
594778;0.9673
599555;0.967
601520;0.9677
605207;0.9669
610504;0.9665
613471;0.9684
616058;0.9701
618410;0.9682
623211;0.9693
626802;0.9681
629913;0.97
632779;0.9559
635318;0.9621
636381;0.9666
639053;0.9675
642956;0.9714
646345;0.9724
650840;0.9726
654679;0.9741
658065;0.9737
660111;0.9662
662641;0.9793
665980;0.9725
668491;0.979
673198;0.9782
677034;0.977
680787;0.9772
683125;0.9816
686834;0.9817
690445;0.9812
693935;0.9805
697563;0.9812
699954;0.9801
706474;0.9784
709328;0.974
714395;0.9782
717782;0.9771
722862;0.9787
726296;0.9789
729381;0.9773
731360;0.9706
735793;0.9759
738050;0.973
740693;0.9738
744251;0.9767
746350;0.9788
748617;0.9817
751319;0.9805
753655;0.9804
755742;0.9814
757053;0.9827
761160;0.9815
763627;0.9712
768614;0.979
771467;0.9853
775534;0.9839
779867;0.9853
782390;0.9718
786728;0.9852
790130;0.9836
792957;0.9829
795569;0.9836
798134;0.9835
802335;0.9838
806508;0.9827
810312;0.9837
813986;0.9792
817794;0.9723
820655;0.9738
822827;0.9814
826804;0.9852
832390;0.9828
835542;0.9823
841069;0.983
843592;0.9831
847062;0.9828
851095;0.985
853742;0.9868
856707;0.9874
860330;0.9848
863849;0.984
867277;0.9848
870107;0.9841
876008;0.9863
882082;0.9854
887371;0.9832
891747;0.983
895397;0.9863
897767;0.9876
900943;0.9872
903870;0.9873
907119;0.9873
911011;0.9886
915410;0.9795
919161;0.9896
922630;0.9898
924761;0.9865
928640;0.9834
932352;0.9846
939016;0.9874
941563;0.9851
945101;0.9871
947550;0.987
950073;0.9862
951637;0.988
954514;0.9903
957590;0.9905
959311;0.9907
961015;0.9876
964441;0.985
971080;0.9836
975322;0.9898
978844;0.99
982604;0.9891
985810;0.9893
989648;0.9906
994633;0.9915
999105;0.9917
1001852;0.9919
1004163;0.9913
1010454;0.992
1013438;0.9849
1017708;0.987
1020975;0.9814
1023706;0.9895
1025792;0.9857
1028637;0.9893
1031720;0.9886
1034818;0.9852
1039072;0.9882
1042364;0.9781
1045475;0.989
1049687;0.987
1053234;0.9879
1056338;0.9892
1059537;0.9876
1064245;0.9883
1067440;0.9899
1072290;0.9919
1075605;0.9908
1078083;0.9867
1080840;0.9907
1084146;0.9908
1087810;0.9911
1090623;0.9914
1093287;0.9912
1096442;0.9921
1099139;0.9924
1104511;0.9895
1109275;0.9861
1111342;0.992
1115345;0.9922
1117361;0.9923
1121034;0.9925
1126367;0.9919
1130994;0.9914
1135270;0.9921
1137296;0.9922
1140001;0.9909
1142400;0.9888
1146975;0.9934
1148790;0.9921
1150816;0.9904
1156211;0.993
1160047;0.9906
1163758;0.9944
1165619;0.978
1170147;0.9834
1174028;0.9776
1176802;0.9763
1177776;0.9803
1180317;0.9927
1186004;0.9905
1187996;0.99
1190583;0.9914
1192826;0.9934
1195884;0.9916
1198491;0.9916
1202531;0.9912
1205250;0.9928
1209248;0.9932
1212433;0.9933
1216255;0.9928
1219889;0.9928
1223486;0.9943
1226237;0.9943
1230723;0.9935
1233520;0.9934
1238672;0.9922
1241405;0.9928
1243886;0.9931
1246047;0.994
1250645;0.9948
1253567;0.9918
1256742;0.9904
1262741;0.993
1265699;0.9922
1267373;0.9942
1270845;0.9945
1276048;0.9909
1280086;0.9881
1286358;0.9916
1289293;0.9928
1290901;0.9939
1293753;0.9912
1298172;0.9906
1303199;0.9946
1310301;0.9953
1314800;0.995
1316157;0.992
1318206;0.9872
1319908;0.9924
1323683;0.9883
1325886;0.9886
1330952;0.9924
1335508;0.9922
1337761;0.9947
1339063;0.9936
1341575;0.9949
1346442;0.9945
1349457;0.9924
1351687;0.9888
1355726;0.9942
1359014;0.9929
1361864;0.9911
1366401;0.9948
1368591;0.9925
1371001;0.9938
1373391;0.9924
1377494;0.9926
1379065;0.9919
1382197;0.9927
1384970;0.9946
1389645;0.9942
1392012;0.9943
1396533;0.9944
1399145;0.9939
1403055;0.9939
1409231;0.9951
1412905;0.9949
1418791;0.995
1421523;0.9936
1426094;0.9949
1430358;0.9936
1434234;0.9945
1437570;0.9942
1439753;0.9947
1442372;0.9941
1446733;0.9937
1449525;0.9937
1452746;0.9936
1454791;0.9943
1457478;0.9935
1461130;0.9953
1465094;0.9871
1468793;0.9884
1474228;0.9934
1477560;0.9877
1482401;0.9828
1484633;0.9884
1489293;0.9918
1492539;0.9946
1497503;0.9941
1499991;0.9939
1503919;0.9947
1510914;0.9946
1515608;0.9943
1518500;0.9958
1520471;0.995
1523877;0.9948
1527579;0.9935
1534495;0.9952
1537185;0.995
1540036;0.9949
1542452;0.9944
1545966;0.9955
1547745;0.995
1550496;0.9863
1554043;0.9916
1557219;0.9934
1559483;0.9957
1564006;0.9958
1565924;0.9956
1570518;0.9956
1574949;0.9957
1580847;0.9958
1584670;0.996
1587388;0.996
1592236;0.9943
1594605;0.9922
1596454;0.9919
1598866;FOUND
