342526;START
342526;0.9
346972;0.9
351402;0.9
353313;0.9
355672;0.9
359397;0.9
361704;0.9
365961;0.9
370947;0.9
373599;0.9
375938;0.9
379010;0.9
383876;0.9
386109;0.9
388414;0.9
390380;0.9
393121;0.9
394810;0.9
398216;0.91
402418;0.9524
406403;0.9547
409049;0.9547
415603;0.9528
419122;0.9505
422921;0.9371
426181;0.9466
428322;0.9518
431150;0.9501
435121;0.9523
439730;0.9526
443272;0.9544
445515;0.9458
449033;0.9511
451284;0.9523
455623;0.9535
459599;0.9508
464093;0.9527
467867;0.954
472083;0.9565
474969;0.9559
478697;0.9597
482279;0.9593
487342;0.9607
490153;0.9599
493096;0.9582
495225;0.9619
499596;0.9643
501976;0.9629
504845;0.9514
509017;0.9621
510798;0.9645
514228;0.963
516563;0.9615
520386;0.9622
522497;0.9596
524058;0.9636
526875;0.9636
531725;0.9631
534746;0.9656
536265;0.9596
539759;0.9655
542801;0.9668
545996;0.9647
550627;0.9655
552752;0.9622
556143;0.9664
561000;0.9622
564535;0.9654
567962;0.9658
572457;0.9618
574909;0.9684
577934;0.9693
581116;0.9694
584602;0.9713
589595;0.9723
593350;0.9716
595628;0.975
597738;0.9762
602413;0.9749
607027;0.9764
609826;0.9729
614654;0.9785
616492;0.9702
621049;0.9717
624178;0.9775
627086;0.9811
630112;0.9799
633259;0.9777
637005;0.982
642848;0.982
646163;0.9722
650069;0.9823
655134;0.9778
659175;0.979
660759;0.9791
664508;0.9792
668083;0.9757
671417;0.9809
674496;0.9809
678527;0.9837
681567;0.9734
684192;0.983
688074;0.9779
691277;0.9784
692795;0.9822
699304;0.9758
702345;0.9845
705828;0.98
708362;0.9766
711128;0.9829
713340;0.9823
718301;0.9849
722417;0.9822
725933;0.9788
730658;0.9853
733117;0.9861
736389;0.9873
739932;0.9856
741745;0.9805
746079;0.9863
749051;0.9854
751179;0.9867
754787;0.9817
757532;0.9872
760791;0.9874
764971;0.9865
770236;0.9889
774048;0.9858
780134;0.9867
782311;0.9896
787828;0.9887
791013;0.9872
794511;0.9884
797781;0.9898
800678;0.9806
803288;0.9799
807883;0.9887
810004;0.9885
812438;0.9884
817851;0.9879
820630;0.9872
823599;0.9898
827107;0.9916
831153;0.991
834246;0.9903
837264;0.9904
841240;0.9916
847113;0.9886
850613;0.9914
853883;0.9915
855768;0.9913
860191;0.9896
864912;0.9903
867380;0.9911
869221;0.9925
873320;0.9892
877568;0.9924
883514;0.9897
887618;0.9868
891626;0.9879
893649;0.9925
895695;FOUND
