343850;START
343850;0.9
345979;0.9
349714;0.9
353843;0.9
357604;0.9
361425;0.9
365872;0.9
368525;0.9
372333;0.9
375649;0.9
378302;0.9
380609;0.9
385444;0.9
388501;0.9
392129;0.9
395075;0.9
398173;0.9
400454;0.9
403312;0.9147
405901;0.9493
408916;0.9494
412079;0.951
416017;0.9517
421342;0.9524
426030;0.951
429172;0.9543
433844;0.9488
438167;0.9512
442688;0.9448
446527;0.9417
450949;0.9489
457565;0.9488
461206;0.9433
463029;0.9515
466969;0.9563
471352;0.9572
475561;0.9542
479223;0.9577
482547;0.9601
487284;0.9612
491091;0.9631
493822;0.9626
496769;0.9653
500639;0.964
503036;0.9632
506404;0.9614
509877;0.9649
514320;0.9636
519241;0.9647
523021;0.9652
525905;0.9661
531112;0.9663
535221;0.9502
537891;0.9649
540943;0.9654
545969;0.9652
549745;0.965
551928;0.9606
555506;0.9652
558602;0.9657
565244;0.968
568046;0.9658
570813;0.9708
574818;0.9728
577557;0.9665
581279;0.9701
586489;0.9676
591193;0.966
594623;0.966
597803;0.9671
600120;0.9663
603609;0.967
608564;0.9676
611499;0.9706
615150;0.9712
617808;0.9714
620100;0.9723
624270;0.9713
627112;0.9677
630765;0.9703
633369;0.9674
638167;0.9701
641901;0.9717
644154;0.9698
646619;0.9689
650043;0.9722
654297;0.9639
657773;0.9685
662452;0.9756
666786;0.9759
671926;0.9771
674374;0.9755
678459;0.9747
680779;0.9723
685859;0.9704
689999;0.9739
692581;0.9763
695061;0.9755
697100;0.9774
701235;0.9754
706294;0.9746
708928;0.9756
713186;0.9725
715479;0.9739
719936;0.9656
723298;0.9706
728562;0.972
731071;0.9781
735938;0.9802
739235;0.9804
742413;0.9797
745382;0.9796
748916;0.98
752654;0.9798
757234;0.9777
760046;0.9795
764995;0.9792
767548;0.9793
770720;0.978
774393;0.9761
778319;0.9794
780856;0.9801
783131;0.984
786667;0.9811
790457;0.9799
793198;0.9849
796840;0.9824
799005;0.9851
803066;0.9772
806265;0.9761
808193;0.9726
810813;0.9724
813956;0.9799
816942;0.9818
821707;0.9564
823616;0.97
826208;0.9751
831526;0.9798
834674;0.9793
838172;0.9835
841010;0.983
843303;0.9815
848034;0.9833
852855;0.9823
858410;0.9788
860184;0.9834
863253;0.9827
867233;0.9777
870115;0.9814
873443;0.9779
876881;0.9755
879365;0.9796
882320;0.9831
886274;0.9844
888677;0.9803
889816;0.9804
891481;0.9844
893872;0.9772
895998;0.9863
901436;0.9852
909176;0.9862
910360;0.9868
916676;0.9831
919928;0.9859
922465;0.9869
925103;0.9861
927351;0.9753
929432;0.9886
931855;0.9878
935312;0.9864
937195;0.9869
940091;0.9816
944116;0.9799
949171;0.9834
950088;0.9887
952149;0.9878
955483;0.9879
959499;0.9894
964372;0.9882
968351;0.9869
972088;0.9886
973614;0.9896
976400;0.9891
979287;0.9886
982943;0.9892
988486;0.9885
994739;0.9894
999954;0.989
1004890;0.9902
1007891;0.989
1010253;0.9897
1011370;0.9894
1012973;0.9898
1017238;0.9897
1020385;0.99
1022778;0.9882
1025160;0.9857
1028504;0.9888
1032872;0.9838
1035385;0.9843
1039543;0.9893
1042393;0.9846
1045319;0.9884
1049256;0.9887
1054629;0.9878
1058404;0.976
1063610;0.9916
1066396;0.9833
1069107;0.9803
1074381;0.9841
1077716;0.991
1080937;0.989
1085738;0.9894
1089495;0.9886
1093638;0.9917
1098453;0.9913
1102895;0.99
1105851;0.9886
1109765;0.9933
1112217;0.9931
1117441;0.9933
1121440;0.9934
1125481;0.9901
1129443;0.9875
1131122;0.9926
1134679;0.9925
1136384;0.9921
1140476;0.9921
1142496;0.9922
1144875;0.9929
1149960;0.9931
1155115;0.9937
1156921;0.9933
1159660;0.9923
1164242;0.9933
1168167;0.9936
1172001;0.9937
1174733;0.9886
1176993;0.9883
1180416;0.9918
1183617;0.99
1187836;0.9876
1191572;0.9905
1195448;0.9929
1198387;0.9861
1202584;0.9936
1205683;0.9859
1206709;0.9861
1209497;0.9915
1214393;0.9914
1216926;0.9924
1219665;0.9878
1221887;0.9729
1225499;0.9935
1229752;0.9932
1232234;0.9933
1235211;0.9941
1239327;0.994
1242459;0.9951
1245275;0.9934
1249604;0.9939
1251944;0.9946
1256157;0.995
1260351;0.9952
1265472;0.9942
1271134;0.9916
1274020;0.9817
1276524;0.994
1279361;0.9946
1282193;0.9937
1286861;0.9929
1290401;0.9923
1294513;0.9921
1296660;0.9954
1300513;0.9954
1303422;0.9941
1307600;0.9956
1309235;0.9954
1314040;0.9952
1316213;0.9958
1317622;0.994
1318608;0.9934
1322767;0.9926
1330397;0.9966
1332793;0.9927
1337264;0.9874
1341928;0.9932
1344037;0.9911
1349490;0.9888
1353549;0.9926
1357538;0.9953
1361150;0.9945
1365297;0.9922
1369540;0.9902
1374215;0.9941
1379080;0.9951
1382594;0.9949
1385070;0.9946
1388596;0.9949
1391076;0.9933
1394002;0.9928
1397496;0.9953
1400549;0.9934
1402935;0.992
1407217;0.9937
1409950;0.9938
1412846;0.9933
1416399;0.9943
1420829;0.9943
1424776;0.9931
1428797;0.9951
1432759;0.9948
1435930;0.9876
1480056;FAILED
