350110;START
350110;0.9
354864;0.9
359109;0.9
366029;0.9
370806;0.9
374035;0.9
377071;0.9
379631;0.9
383083;0.9
386184;0.9
393205;0.9
395969;0.9
400655;0.9
406395;0.9
409661;0.9
414027;0.9
418115;0.9133
422699;0.9361
424905;0.9558
428110;0.9515
432550;0.9523
435446;0.9578
438136;0.9573
441536;0.9498
446700;0.9588
448698;0.955
450965;0.9617
454129;0.9523
457301;0.9533
460906;0.9644
466842;0.9616
472887;0.9612
478803;0.9658
482643;0.9645
484570;0.9638
487148;0.9603
489802;0.969
492725;0.9677
495947;0.964
499022;0.9677
501823;0.9681
505591;0.9613
508016;0.9672
511095;0.9671
515898;0.9611
518684;0.9541
521679;0.96
525299;0.9628
528264;0.9697
532358;0.9729
536746;0.9719
539336;0.9731
543818;0.9602
547291;0.9662
550720;0.9699
554586;0.9722
558681;0.9731
561374;0.9639
564695;0.9714
567884;0.9723
569609;0.9748
572920;0.9648
575235;0.976
580255;0.9635
584048;0.9752
589139;0.9752
593023;0.977
595522;0.9758
597405;0.9735
601232;0.9769
603898;0.977
606419;0.9766
611544;0.9775
615333;0.9767
619287;0.9775
623149;0.976
627422;0.9767
630233;0.9768
634222;0.9683
637525;0.9771
641978;0.9773
645439;0.9767
646843;0.9716
649930;0.976
652030;0.9765
655760;0.976
659666;0.9777
662035;0.9755
666792;0.9727
668234;0.9648
669985;0.9751
674601;0.974
677220;0.9734
681749;0.9736
686115;0.9761
688684;0.9739
691393;0.9706
695437;0.9757
698490;0.9734
701293;0.9776
704822;0.979
707028;0.977
712335;0.9784
716512;0.9764
718830;0.9779
722232;0.9796
725648;0.9794
729044;0.9777
733559;0.9767
735948;0.9776
740147;0.9794
742111;0.9793
746186;0.9807
749855;0.981
753884;0.9778
756746;0.9814
759592;0.977
761894;0.974
765323;0.9803
769355;0.9783
771924;0.9777
776146;0.9788
778827;0.9805
781390;0.9805
783479;0.9807
788795;0.9783
791869;0.9813
794424;0.9802
796732;0.9769
799945;0.979
802537;0.9725
805816;0.9776
808474;0.9818
811807;0.9792
814972;0.9813
819302;0.9813
822514;0.9814
828034;0.9815
830804;0.9733
833769;0.968
836693;0.9683
838030;0.977
840174;0.9808
843033;0.9811
847007;0.9788
850123;0.973
853432;0.9826
855752;0.9818
860625;0.9819
864616;0.9825
869116;0.9805
873438;0.982
876881;0.9814
879091;0.9822
882210;0.9818
886947;0.9814
890433;0.976
894987;0.9777
898071;0.9805
901611;0.9801
905418;0.9819
907793;0.9798
910394;0.9808
915447;0.9794
918393;0.98
923304;0.9822
926869;0.9799
931555;0.9784
935383;0.9824
936623;0.9833
942546;0.983
944615;0.9836
947529;0.9857
954836;0.9845
957662;0.9847
961153;0.9866
964991;0.9842
968651;0.9857
970698;0.9871
975149;0.9871
977730;0.9884
982355;0.987
986760;0.9847
990189;0.9819
993069;0.9864
994486;0.9841
999126;0.983
1002684;0.9848
1008147;0.9851
1011296;0.9848
1015578;0.9904
1019709;0.9896
1024029;0.9921
1027111;0.9897
1031351;0.9876
1032909;0.9876
1036923;0.9891
1040999;0.9903
1045279;0.991
1048039;0.9879
1051207;0.9864
1053654;0.9863
1056136;0.9877
1060082;0.9895
1065239;0.9875
1069026;0.9865
1074752;0.9924
1080658;0.9899
1085056;0.9915
1087653;0.9909
1092263;0.9903
1095254;0.9919
1098536;0.9923
1103299;0.9901
1108717;0.9896
1113322;0.9926
1116589;0.9917
1121132;0.9913
1124300;0.9911
1128695;0.991
1133436;0.9921
1136746;0.9927
1137999;0.9929
1141299;0.9936
1143612;0.994
1147326;0.9938
1150475;0.9916
1155121;0.9924
1158632;0.9894
1161052;0.9923
1163884;0.9932
1166367;0.9897
1171885;0.9937
1176602;0.9907
1178666;0.9901
1183395;0.9938
1187078;0.9923
1190271;0.9902
1193231;0.9948
1196078;0.9948
1198733;0.9937
1201956;0.9915
1206638;0.9943
1212336;0.994
1214552;0.995
1219065;0.9944
1221833;0.9937
1225958;0.9951
1230784;0.9955
1234442;0.9957
1237686;0.9952
1240915;0.9952
1244995;0.9961
1248207;0.9953
1251664;0.9939
1255992;0.9924
1259728;0.9925
1263171;0.9929
1267930;0.9927
1270530;0.9938
1272394;0.9942
1274997;0.9949
1279375;0.9935
1283309;0.992
1286806;0.9926
1289371;0.9947
1291347;0.9948
1293895;0.9952
1298638;0.9955
1301307;0.9952
1303063;0.9945
1305498;0.9955
1309681;0.9928
1314531;0.9953
1317767;0.9945
1322826;0.9914
1327905;0.9893
1331739;0.9945
1335911;0.9949
1339912;0.9947
1346250;0.994
1348252;0.9932
1353478;0.9933
1355845;0.9957
1358485;0.9961
1361495;0.9967
1365215;0.9959
1369260;0.9972
1372355;0.9964
1377782;0.9953
1380146;0.9951
1382475;0.9957
1386472;0.995
1388749;0.9947
1391843;0.9951
1395748;0.9957
1397308;0.9958
1400943;0.9969
1405476;0.9974
1408457;0.9979
1412222;0.9977
1414633;0.9974
1418107;0.9976
1420888;0.9975
1422866;0.9981
1427128;0.998
1431395;0.9982
1434585;0.9982
1437262;0.998
1440940;0.9979
1445697;0.9982
1449220;0.9982
1451972;0.9981
1456572;0.9981
1459693;0.9982
1463036;0.9982
1466108;0.9982
1469841;0.9983
1471493;0.9979
1474506;0.9982
1478240;0.9968
1480724;0.9969
1484154;0.9974
1485661;0.9984
1488088;0.9986
1490546;0.9986
1492734;0.9986
1495249;0.9987
1497899;0.9985
1502239;0.9983
1505227;0.9983
1507812;0.9984
1511427;0.9984
1515733;0.9984
1520699;0.9986
1523948;0.9986
1530157;0.9989
1535534;0.999
1541054;0.9915
1543134;0.9949
1547350;0.9964
1550494;0.9964
1553521;0.9966
1557139;0.9985
1562353;0.9972
1565349;0.9931
1567875;0.9767
1573868;0.9984
1576334;0.9969
1579010;0.9975
1581320;0.998
1585348;0.9973
1588092;0.9981
1591799;0.9986
1595233;0.9978
1599038;0.9974
1601118;0.9973
1603461;0.9983
1606009;0.9978
1610364;0.997
1614155;0.9959
1615336;0.9959
1620055;0.996
1622724;0.9961
1627429;0.9934
1631516;0.9963
1636647;0.9968
1639977;0.9973
1644373;0.9971
1648526;0.9975
1652006;0.9979
1654963;0.9979
1658022;0.9978
1661964;0.9977
1666298;0.9977
1668321;0.9976
1672576;0.9977
1675476;0.9977
1677332;0.9955
1681634;0.9904
1685196;FOUND
