367486;START
367486;0.9
370302;0.9
374123;0.9
380395;0.9
384827;0.9
388548;0.9
390028;0.9
392482;0.9
394885;0.9
398851;0.9
402189;0.9
406801;0.9
409341;0.9
413537;0.9153
415546;0.9404
419018;0.9436
424415;0.945
426593;0.943
430386;0.9469
436115;0.9448
442659;0.9475
447503;0.9344
451218;0.95
455056;0.9504
457351;0.9546
459698;0.9569
463354;0.9552
466479;0.9563
470253;0.9559
473472;0.9499
477205;0.9492
480331;0.9557
483583;0.9553
486666;0.9599
491097;0.961
496234;0.9619
499860;0.9658
503167;0.9611
506430;0.968
509291;0.9673
513848;0.9621
517802;0.9655
520481;0.967
524079;0.9699
528039;0.9683
533705;0.9674
537488;0.9735
541968;0.9752
549343;0.9747
551847;0.9711
553688;0.9763
557739;0.9665
562717;0.9653
566490;0.9701
570555;0.9431
573131;0.9664
577619;0.9736
582887;0.9751
587906;0.9748
592592;0.9782
597331;0.9769
602115;0.9622
605611;0.9769
607689;0.9691
610607;0.9775
614383;0.9749
616095;0.9732
620385;0.976
623160;0.9754
627277;0.9741
630639;0.9845
633422;0.9858
637317;0.9841
639700;0.9736
644060;0.9802
647594;0.98
650849;0.9831
654098;0.9777
658148;0.9877
661683;0.9875
666037;0.9868
668154;0.9884
670975;0.9872
674898;0.9876
678639;0.9861
685754;0.9883
689938;0.983
694089;0.9848
697221;0.9834
701285;0.9885
703687;0.9852
706846;0.9869
709833;0.9859
711837;0.9887
714303;0.9904
717132;0.9896
719172;0.9885
722912;0.9768
724754;0.9869
728535;0.9875
733702;0.9891
737696;0.9901
742232;0.9861
746341;0.9897
750478;0.9869
755948;0.9824
760545;0.9886
765834;0.991
771893;0.9884
775367;0.9912
777602;0.9902
779975;0.9883
783154;0.99
786236;0.9905
788815;0.9906
792200;0.9913
795472;0.9884
798451;0.9866
799849;0.9895
802017;0.9882
805836;0.9892
809447;0.9787
812164;0.9873
814859;0.988
817184;0.9893
819697;0.9921
823661;0.9922
827575;0.9922
830080;0.9907
832993;0.9894
835938;0.9739
838767;0.9764
842227;0.9879
845912;0.9813
847520;0.9906
851826;0.9822
855335;0.9884
858792;0.9851
860875;0.9813
863894;0.9871
869504;0.9881
872436;0.9874
876117;0.9886
879101;0.9914
881527;0.9906
884435;0.9884
888105;0.99
890653;0.9879
895295;0.9907
896689;0.9838
900281;0.9912
907143;0.9907
912105;0.9898
915026;0.9918
919249;0.99
927924;0.9924
932227;0.9928
934886;0.9925
937851;0.9934
940212;0.9933
942954;0.9934
946553;0.9927
948352;0.9904
952502;0.9931
954252;0.9898
955532;0.9939
958590;0.9918
961695;0.9945
965307;0.991
969007;0.9938
973372;0.9902
976798;0.9919
981804;0.9897
984053;0.9924
988139;0.9946
990708;0.991
994479;0.9934
997708;0.9896
1001698;0.9871
1005560;0.9923
1009544;0.9912
1013659;0.9944
1016534;0.9942
1018752;0.9935
1023099;0.9942
1024839;0.994
1028169;0.9938
1030729;0.9943
1034370;0.9949
1038146;0.9895
1040529;0.9919
1043649;0.9927
1045626;0.992
1049978;0.9917
1052674;0.9959
1055398;0.9832
1059342;0.9953
1064368;0.9954
1067231;0.9951
1069502;0.9952
1072902;0.9958
1075787;0.996
1081245;0.9962
1084628;0.9961
1087866;0.9957
1092500;0.9957
1096821;0.9952
1100558;0.9964
1105309;0.9941
1108417;0.9918
1113047;0.9964
1115608;0.9954
1120697;0.9964
1123253;0.9946
1127481;0.9963
1132288;0.9954
1136688;0.9946
1141635;0.9968
1143449;0.9909
1146256;0.9906
1148984;0.996
1152803;0.995
1155171;0.9917
1156743;0.9942
1159321;0.9958
1161659;0.9936
1164457;0.9932
1167637;0.9954
1170426;0.9955
1174050;0.9941
1177170;0.9955
1179578;0.9948
1185032;0.995
1189201;0.994
1196063;0.9959
1199685;0.9948
1204415;0.993
1207962;0.9954
1211769;0.9954
1214993;0.9949
1217551;0.9969
1221603;0.9969
1224048;0.995
1227443;0.9927
1231521;0.9931
1235728;0.9922
1237800;0.996
1240038;0.9958
1243308;0.9962
1245697;0.9858
1250862;0.9827
1253022;0.9942
1256154;0.9944
1258915;0.9944
1261773;0.9923
1265452;0.9925
1268094;0.9955
1271499;0.9953
1275958;0.9924
1279484;0.9896
1282854;0.9944
1286046;0.9954
1288591;0.9935
1292908;0.9956
1294448;0.987
1296627;0.9811
1301204;0.9936
1306088;0.9956
1310458;0.9956
1312746;0.9958
1315548;0.9952
1318693;0.9942
1321639;0.9938
1325869;0.9929
1331263;0.9937
1335357;0.9956
1341214;0.9947
1344716;0.9948
1349357;0.9932
1351429;0.9931
1354788;0.9928
1358409;0.9928
1363906;0.9939
1368810;0.9928
1373072;0.9935
1376767;0.9932
1379788;0.9945
1382439;0.9948
1383749;0.9948
1386528;0.9951
1391081;0.9905
1394748;0.9891
1396534;0.9958
1400707;0.9852
1403446;FOUND
