358473;START
358473;0.9
360730;0.9
366271;0.9
370173;0.9
372965;0.9
376483;0.9
380364;0.9
382446;0.9
385274;0.9
390665;0.9
394556;0.9034
397562;0.9374
400804;0.9444
402921;0.9501
405894;0.9514
408756;0.9529
412484;0.9501
416104;0.9468
418966;0.9471
423654;0.9476
426769;0.9447
428581;0.953
433966;0.9525
437001;0.9497
439867;0.9517
443762;0.9485
449689;0.9454
452504;0.9506
456986;0.9454
461639;0.9457
466734;0.9387
470169;0.9476
473533;0.9524
477273;0.95
480741;0.9434
484840;0.9457
488764;0.9484
492600;0.9532
496256;0.9536
501290;0.9511
504845;0.9542
508378;0.9533
510669;0.9447
512704;0.9555
517083;0.9545
520425;0.9525
522430;0.9541
526627;0.952
528737;0.9542
531172;0.9555
534926;0.9561
539337;0.9544
542846;0.947
546408;0.9461
548630;0.9555
550548;0.9544
554644;0.9509
559642;0.9561
562235;0.9518
566064;0.9544
570605;0.9546
576929;0.9534
579990;0.9557
582392;0.9554
586676;0.9543
591201;0.9517
597020;0.9577
598778;0.9592
602006;0.956
604513;0.9592
608077;0.9595
612415;0.9587
614990;0.9557
619786;0.9601
621418;0.9611
625261;0.9605
628715;0.9565
630489;0.9587
632846;0.9621
637085;0.959
643481;0.961
646870;0.9622
650323;0.9632
654188;0.9632
656448;0.9641
660408;0.9642
663307;0.9652
667188;0.9636
669908;0.9572
672544;0.9681
674810;0.9676
676866;0.9676
682780;0.9678
684647;0.9678
688653;0.9665
691180;0.9669
694481;0.9685
697115;0.9692
701871;0.9677
706306;0.9703
709649;0.9694
713013;0.9708
714790;0.9693
719257;0.9729
720976;0.9719
722552;0.9728
725017;0.9732
729072;0.9733
733625;0.971
738779;0.9741
742001;0.9676
746256;0.9742
749080;0.9744
751444;0.9737
754423;0.9735
757872;0.9735
760832;0.9666
763699;0.9721
766063;0.9701
769983;0.9704
772737;0.9742
774104;0.9743
776211;0.9709
781830;0.9744
785542;0.9728
788063;0.9703
793877;0.975
798794;0.977
800641;0.9777
803567;0.9765
805275;0.9707
808720;0.9732
811352;0.9776
813962;0.9773
819048;0.9768
821567;0.9729
824512;0.9762
829940;0.9764
834052;0.9782
835866;0.9756
840386;0.9786
841929;0.9732
845348;0.9798
849060;0.9802
852172;0.9792
854860;0.9802
858050;0.9802
863236;0.98
867704;0.9791
871648;0.9779
875298;0.9813
878826;0.9815
881799;0.9807
885698;0.9822
887648;0.9756
890101;0.9762
893573;0.9801
897339;0.9804
901946;0.9725
903885;0.9552
906358;0.9613
910027;0.9795
913558;0.9764
916653;0.9773
919744;0.9787
924073;0.9799
928475;0.9798
931910;0.9798
936950;0.9786
939327;0.9798
941670;0.9802
944153;0.9803
946093;0.9808
950532;0.9768
952808;0.9761
957646;0.9809
961497;0.9802
964260;0.98
968402;0.9796
970397;0.9788
972864;0.982
974198;0.9813
977674;0.9807
981743;0.9794
986733;0.9823
989191;0.9802
991988;0.9814
994560;0.9818
995968;0.9815
999237;0.9831
1001461;0.9707
1007056;0.975
1011202;0.9821
1016136;0.9799
1018387;0.9775
1022913;0.9792
1029236;0.9814
1031542;0.9822
1033600;0.9805
1036016;0.9823
1039647;0.9829
1043610;0.9785
1044690;0.9821
1048105;0.9785
1051673;0.9824
1053812;0.9835
1057104;0.9827
1059100;0.9815
1062123;0.9807
1064941;0.9817
1070438;0.9809
1073447;0.9805
1075678;0.9808
1078973;0.9801
1081553;0.9799
1083540;0.9804
1088599;0.9801
1093554;0.9804
1096228;0.9803
1099256;0.9775
1103936;0.9821
1106945;0.9827
1110235;0.9835
1115346;0.98
1117319;0.9821
1122478;0.9808
1125003;0.9797
1127329;0.9833
1131483;0.9815
1135083;0.9828
1137411;0.9828
1140545;0.9847
1144376;0.9728
1147538;0.9859
1149603;0.984
1151907;0.9878
1154383;0.9837
1157903;0.9857
1160194;0.9866
1163769;0.9833
1165964;0.9809
1169471;0.9825
1172622;0.9844
1174657;0.9762
1177604;0.9821
1179723;0.9863
1183744;0.9823
1187284;0.9888
1191843;0.9851
1194336;0.9878
1196780;0.9894
1199611;0.9886
1204605;0.99
1208313;0.9873
1209539;0.9824
1211909;0.987
1215815;0.9874
1218752;0.984
1222597;0.9853
1227565;0.976
1230424;0.9852
1232876;0.9902
1236657;0.9874
1241965;0.9885
1245011;0.9919
1246919;0.9919
1252692;0.9875
1256586;0.992
1261418;0.9911
1264036;0.9915
1269475;0.9909
1272206;0.9912
1274687;0.9874
1277622;0.9896
1281047;0.9896
1283895;0.991
1288080;0.9877
1290410;0.9922
1295094;0.9918
1297769;0.9939
1300889;0.994
1303595;0.9877
1308451;0.9827
1311626;0.9934
1313244;0.9928
1316633;0.992
1322448;0.9902
1325205;0.9915
1327945;0.9923
1332104;0.9921
1335989;0.9931
1338699;0.9932
1341250;0.9881
1344200;0.9932
1349727;0.9909
1354285;0.9888
1358738;0.9888
1365624;0.9923
1368385;0.9934
1371574;0.9903
1374887;0.9895
1379107;0.9906
1381593;0.9931
1384440;0.9939
1387175;0.9941
1391257;0.994
1394385;0.9936
1398123;0.9923
1400523;0.9917
1403743;0.9905
1406968;0.993
1410538;0.9907
1414947;0.9921
1418692;0.9919
1420814;0.9916
1423556;0.9724
1428239;0.9828
1430370;0.9904
1432144;0.9909
1435039;0.9877
1437611;0.9851
1439681;0.9919
1441776;0.9922
1445023;0.9929
1449891;0.9905
1452728;0.99
1455149;0.9935
1458243;0.9925
1463958;0.9926
1466014;0.9886
1470450;0.9863
1473764;0.9766
1476501;0.9778
1480241;0.9929
1483866;0.991
1487063;0.9928
1490401;0.9919
1497520;0.993
1500480;0.9929
1505663;0.985
1507702;0.993
1513499;0.9945
1515860;0.9932
1519470;0.9883
1521885;0.9884
1526988;0.9933
1531093;0.9922
1533050;0.9919
1536817;0.9939
1542489;0.9948
1546351;0.9896
1549950;0.9948
1552488;0.992
1556643;0.9886
1560400;0.9926
1564531;0.9938
1569752;0.994
1572887;0.9933
1576033;0.9931
1579751;0.9936
1582524;0.994
1585328;0.9942
1588079;0.9948
1592683;0.9946
1595455;0.9943
1598986;0.9951
1603081;0.9943
1606808;0.9958
1610317;0.9924
1614511;0.9889
1618213;0.9883
1624880;0.9881
1627490;0.9928
1629967;0.9956
1631413;0.9929
1634581;0.9862
1680054;FAILED
