342982;START
342982;0.9
348342;0.9
350407;0.9
353189;0.9
355381;0.9
358879;0.9
362821;0.9
364563;0.9
367241;0.9
372952;0.9
376119;0.9
379075;0.9
382709;0.9
384183;0.9
386276;0.9
388524;0.9
392696;0.9
395108;0.9
398033;0.9456
401494;0.9529
404723;0.9496
409523;0.9506
414052;0.9508
419224;0.9515
424463;0.9472
428430;0.9516
431948;0.9542
436721;0.9539
441494;0.9608
443551;0.9614
445460;0.9571
449202;0.9564
452281;0.9599
455971;0.9621
459309;0.9441
462780;0.965
465296;0.9378
470386;0.9546
472909;0.9687
477419;0.9691
480619;0.9651
483192;0.9727
486788;0.9711
490149;0.972
493783;0.9726
498566;0.9727
504015;0.9646
507014;0.9722
509531;0.974
514802;0.9736
517734;0.9728
520245;0.9747
525005;0.9779
527993;0.971
535532;0.9685
536951;0.9744
539684;0.9751
544547;0.9769
547426;0.978
550308;0.9747
554612;0.9732
557652;0.9818
562516;0.9823
566049;0.9834
570244;0.9817
573035;0.9661
577393;0.9852
581752;0.9841
584882;0.9851
588133;0.9787
592043;0.979
597661;0.9797
600342;0.9859
605035;0.9771
610084;0.9794
613320;0.9871
617142;0.9873
620898;0.9896
624849;0.9898
629851;0.9896
634458;0.9852
637579;0.9855
641845;0.9864
644972;0.9875
647892;0.9876
650607;0.9881
653906;0.9877
656788;0.9892
658935;0.9898
662923;0.9884
665397;0.9913
668304;0.9903
671030;0.9917
674146;0.9921
676951;0.9921
679868;0.9915
685798;0.9919
687541;0.9913
691460;0.9895
695107;0.9875
697550;0.9905
700395;0.9918
703947;0.9904
706560;0.9877
709706;0.9884
714794;0.9834
717085;0.9886
719072;0.9909
724599;0.9898
729204;0.991
731348;0.9865
733703;0.9904
737379;0.9905
743868;0.9863
746002;0.9911
750244;0.992
751890;0.9863
754179;0.9869
757557;0.991
760382;0.9906
763667;0.9916
765928;0.992
768748;0.9909
772187;0.9914
775258;0.993
779917;0.9929
783872;0.991
790241;0.9932
793552;0.9925
797586;0.9912
800008;0.9925
802589;0.9931
805771;0.9919
808187;0.9917
811258;0.9914
814326;0.9935
816925;0.9928
818778;0.9921
820909;0.9936
823819;0.9908
830158;0.9891
833470;0.9911
836668;0.9933
839465;0.9895
842488;0.9916
845150;0.9931
849292;0.9927
853724;0.9915
856110;0.9933
858939;0.9941
862383;0.994
866047;0.9945
868766;0.9939
870943;0.9905
873212;0.9908
876473;0.9937
879697;0.9911
884542;0.9934
889666;0.9936
891865;0.9939
893615;0.9937
897479;0.9936
901666;0.9937
904097;0.9938
906311;0.9933
910076;0.9943
913663;0.9943
916688;0.9936
919593;0.9937
923209;0.994
926527;0.9948
932289;0.9958
936953;0.9926
939065;0.9947
941657;0.9904
945610;0.993
949923;0.9927
954253;0.9926
957591;0.9918
961223;0.9939
963062;0.9941
965793;0.994
970054;0.99
973097;0.9939
975637;0.9892
978452;0.9879
992612;FOUND
