342241;START
342241;0.9
345159;0.9
349140;0.9
353477;0.9
355543;0.9
357881;0.9
360537;0.9
364780;0.9
367979;0.9
373483;0.9
377338;0.9
381520;0.9
385906;0.9
390943;0.9
394604;0.9
396814;0.9
399464;0.9
401931;0.9
404714;0.9
410011;0.9
413482;0.9
418229;0.9
421093;0.9
424938;0.9
428998;0.9
433121;0.9
436213;0.9
438783;0.9
442767;0.9
445603;0.9
450389;0.9615
454138;0.9629
458336;0.964
460795;0.9616
464509;0.9649
466467;0.9637
469746;0.9668
473160;0.9672
476237;0.9693
480009;0.9715
484646;0.9713
489060;0.9724
491111;0.9693
493096;0.972
498114;0.9737
503677;0.9691
507746;0.954
509900;0.9685
512737;0.9739
514077;0.9616
519134;0.9725
521920;0.9664
525058;0.9727
529633;0.9741
531965;0.9784
534466;0.9773
540938;0.9718
543228;0.9757
547612;0.9789
550469;0.9762
554100;0.9731
558379;0.9693
563247;0.9686
565264;0.97
567579;0.9703
569378;0.9705
571507;0.9601
575281;0.9688
577166;0.9712
580734;0.9687
584267;0.9707
587477;0.9745
593575;0.9707
597642;0.974
602036;0.9717
606020;0.9747
610111;0.9798
612555;0.9833
619292;0.9838
623234;0.9828
626112;0.9821
630642;0.9763
633220;0.9758
635132;0.9763
640506;0.9793
643906;0.9809
646414;0.9831
649138;0.9828
653601;0.9836
656177;0.9848
661569;0.9829
666305;0.9843
670136;0.9834
674381;0.9823
678006;0.9825
681070;0.9823
686748;0.9838
690069;0.9832
692338;0.9762
695452;0.9806
698094;0.9779
700722;0.9823
704145;0.9778
709682;0.9796
712135;0.9798
715352;0.9817
718681;0.9812
722269;0.9796
725259;0.9803
728513;0.9819
734512;0.9838
736948;0.9839
741504;0.9861
744657;0.986
746499;0.9862
749661;0.988
752526;0.9843
755199;0.9797
757433;0.9796
760898;0.9815
765869;0.9873
767955;0.9862
769915;0.987
774923;0.9867
777278;0.9856
780447;0.9827
783071;0.9851
787889;0.9861
790434;0.9832
793026;0.9845
796048;0.9842
800032;0.9912
803530;0.9905
806216;0.9907
808908;0.9868
814021;0.9874
818743;0.9864
823398;0.9873
826183;0.9864
829161;0.9814
831976;0.9875
835886;0.9841
838718;0.9833
842162;0.9885
845598;0.9849
848527;0.9875
851811;0.9851
856547;0.9841
859976;0.9863
863888;0.9839
866581;0.9828
868985;0.9898
872949;0.9894
876669;0.9905
881371;0.9904
884131;0.9905
887321;0.9896
890699;0.9902
894885;0.988
897428;0.9881
899523;0.9891
901699;0.9917
906182;0.9893
911235;0.9742
913897;0.989
916842;0.9889
920575;0.9901
923601;0.991
926117;0.9878
930251;0.9831
933361;0.9909
937888;0.9855
940198;0.983
944104;0.9822
946458;0.9895
950351;0.9901
953046;0.9746
955098;0.9896
959696;0.9775
963476;0.9808
966795;0.9867
970368;0.9893
973059;0.991
976007;0.9909
980045;0.9899
984052;0.989
986481;0.9891
989500;0.9904
994098;0.9894
997619;0.9892
1000785;0.9901
1004020;0.9902
1007744;0.9868
1010468;0.9902
1011996;0.99
1013999;0.9888
1018249;0.9885
1021630;0.9883
1024013;0.9854
1026234;0.9907
1029511;0.9824
1032326;0.9891
1035445;0.9913
1039679;0.9926
1043840;0.9896
1049974;0.991
1054336;0.9861
1059767;0.984
1063616;0.987
1066617;0.9909
1070597;0.9913
1074172;0.988
1077777;0.9901
1083119;0.9917
1085990;0.9907
1090450;0.9909
1094598;0.9906
1099052;0.988
1103936;0.9857
1107265;0.9841
1109901;0.9926
1112186;0.9874
1114925;0.9926
1118716;0.9907
1124878;0.9907
1127883;0.9899
1130643;0.9922
1133520;0.9909
1136975;0.9915
1140507;0.9926
1143096;0.9935
1145232;0.9929
1148109;0.9922
1150794;0.992
1153107;0.9911
1157514;0.9896
1160531;0.9895
1166027;0.9895
1168146;0.9923
1169942;0.9928
1172763;0.9929
1174328;0.9932
1176845;0.9922
1182169;0.9929
1184445;0.9937
1187597;0.9938
1191742;0.9937
1195435;0.9937
1200112;0.9938
1203598;0.9937
1206930;0.9942
1213119;0.9942
1214986;0.9931
1217217;0.9931
1221548;0.9931
1225706;0.9926
1229040;0.9935
1231571;0.9924
1235339;0.9946
1238074;0.9947
1242361;0.9947
1248361;0.995
1251754;0.995
1257194;0.9927
1259616;0.9873
1262706;0.9944
1265831;0.9929
1269274;0.9947
1272807;0.9944
1275671;0.9913
1276785;0.9905
1279055;0.9903
1282535;0.9865
1286618;0.9744
1290627;0.9876
1294359;0.9886
1296720;0.9882
1300499;0.9881
1304680;0.9894
1307523;0.9891
1311658;0.9909
1314200;0.9916
1317811;0.9948
1320478;0.9948
1324578;0.995
1326844;0.9947
1330960;0.9953
1333946;0.9953
1336280;0.9955
1340212;0.996
1343535;0.9923
1345233;0.9937
1347392;0.9936
1351300;0.9945
1354803;0.9947
1358975;0.9964
1361061;0.9961
1363706;0.996
1367262;0.9959
1372145;0.9957
1374558;0.9944
1378292;0.9925
1381356;0.9946
1383614;0.9944
1385825;0.9937
1390533;0.9937
1395106;0.9959
1397648;0.9962
1401480;0.996
1409720;0.9947
1410858;0.9953
1415225;0.9955
1420014;0.9947
1424448;0.9933
1428725;0.9964
1432900;0.9951
1435804;0.9954
1440256;0.9961
1443674;0.9959
1445833;0.996
1448637;0.9965
1453192;0.9973
1458381;0.9969
1460857;0.9974
1466379;0.997
1469444;0.9964
1475879;0.9948
1479118;0.9951
1483255;0.9955
1485681;0.9941
1490196;0.9966
1494141;0.9962
1496661;0.9961
1501613;0.9967
1506101;0.993
1510098;0.9912
1514056;0.9912
1518319;0.9913
1523258;0.9919
1526345;0.9928
1527956;0.9932
1531291;0.9933
1533420;0.9934
1537258;0.9943
1541457;0.9925
1545196;0.9951
1550228;0.9961
1553183;0.9961
1556158;0.9948
1559170;0.9962
1563250;0.9943
1565996;0.9961
1569394;0.9951
1572368;0.9925
1575969;0.9913
1578554;0.9903
1582639;0.9953
1585420;0.9833
1586998;0.9913
1589149;0.9948
1594596;0.9939
1597128;0.9938
1602451;0.9931
1604851;0.9949
1607094;0.9948
1609752;0.9939
1611244;0.9944
1615793;0.9946
1619306;0.9942
1622906;0.9937
1626361;0.9935
1628922;0.9935
1632675;0.994
1636665;0.9941
1637338;0.9941
1640818;0.9951
1642727;0.9955
1646236;0.9953
1652570;0.9953
1653971;0.9953
1656783;0.9955
1659888;0.9933
1661862;0.9924
1664215;0.9919
1667622;0.9916
1670819;0.993
1673338;0.9934
1675106;0.9941
1679024;0.9942
1682377;0.9942
1685642;0.9942
1691000;0.9956
1694124;0.996
1698930;0.9959
1702602;0.9959
1706253;0.9924
1708746;0.9923
1713810;0.9953
1716011;0.9953
1719154;0.995
1721788;0.995
1723339;0.9952
1727371;0.9952
1729530;0.9952
1733774;0.9952
1736381;0.9952
1740764;0.994
1745059;0.9944
1747929;0.9911
1751224;0.9876
1754959;0.9908
1759030;0.9873
1761297;0.9903
1763945;0.9949
1767935;0.9852
1770108;0.9946
1776130;0.9946
1780663;0.9932
1784298;0.9911
1787286;0.99
1788639;0.9895
1791388;0.9943
1793804;0.9952
1797898;0.994
1801414;0.9951
1805175;0.994
1808343;0.9936
1810765;0.9948
1812262;0.9955
1815251;0.9932
1818557;0.995
1822640;0.9938
1828040;0.9952
1830017;0.9951
1832683;0.9948
1836174;0.9944
1838016;0.9937
1840563;0.9956
1845833;0.9961
1848636;0.9954
1852672;0.9955
1855865;0.9961
1858014;0.9956
1860524;0.9947
1865125;0.9959
1868601;0.9949
1873292;0.9946
1876602;0.9958
1879622;0.9958
1884218;0.9939
1886181;0.996
1890118;0.9947
1894954;0.9932
1898541;0.9929
1902342;0.9954
1906069;0.9911
1910033;0.988
1930614;FOUND
