348436;START
348436;0.9
353269;0.9
355530;0.9
359058;0.9
361684;0.9
363968;0.9
366336;0.9
367843;0.9
369604;0.9
372591;0.9
376965;0.9
378449;0.9
380591;0.9
385721;0.9
388322;0.9
391291;0.9
395901;0.9
400341;0.91
404996;0.9383
407930;0.9507
409374;0.9515
412220;0.9486
414934;0.9513
417358;0.9502
420919;0.9491
424906;0.9458
427584;0.9524
432142;0.9509
436640;0.9533
439689;0.9524
442497;0.9519
446255;0.9441
450891;0.9501
457153;0.9461
461585;0.9434
464212;0.9503
466669;0.9482
470567;0.954
474635;0.9524
475938;0.9532
479548;0.9556
482780;0.9505
487080;0.9579
490925;0.9512
494897;0.9587
496777;0.9589
498992;0.9585
502701;0.9589
507009;0.9587
509310;0.9576
511359;0.9581
515849;0.961
520126;0.9573
524030;0.9607
528501;0.9551
533976;0.9606
538175;0.9608
541396;0.9635
545360;0.9614
550567;0.9653
553313;0.966
555789;0.9644
560325;0.9651
562836;0.9673
566690;0.966
569080;0.9634
571527;0.9605
575508;0.9659
579033;0.9681
581399;0.9689
582615;0.9684
587712;0.9704
591697;0.9726
595961;0.9698
599289;0.9697
602953;0.9701
605689;0.9713
608897;0.9666
611201;0.9676
614769;0.9739
617330;0.9729
619692;0.9726
623842;0.9755
629050;0.9727
631445;0.9761
634186;0.9776
636283;0.9755
640451;0.9757
642452;0.9777
644294;0.9774
647618;0.9755
651268;0.9744
654700;0.9751
656966;0.9788
661686;0.9784
665802;0.9767
668830;0.9767
670333;0.9779
674331;0.9781
679497;0.9738
683779;0.9777
689547;0.9777
693757;0.975
696754;0.9741
701318;0.9772
705218;0.9672
707016;0.9783
711901;0.975
716004;0.971
719482;0.9812
725490;0.9751
728158;0.9731
732095;0.983
735028;0.9816
739241;0.9829
741244;0.9833
744031;0.9827
748272;0.9827
751043;0.9775
752813;0.9765
755854;0.9763
758318;0.9796
761952;0.9794
765692;0.9758
768624;0.9829
772032;0.9803
775811;0.9793
779508;0.9793
783615;0.9801
787245;0.9779
789322;0.9755
791722;0.9794
795093;0.9809
799007;0.9821
801241;0.9824
803769;0.9757
810047;0.9759
811974;0.9816
817264;0.9826
821028;0.9837
825475;0.9849
828414;0.9846
833144;0.986
837973;0.9824
841036;0.9794
843149;0.984
847103;0.9844
850300;0.9832
852932;0.9836
855881;0.9864
862240;0.9868
865176;0.9871
868934;0.9862
873223;0.986
876986;0.9857
881252;0.9839
883737;0.9812
886162;0.9792
888109;0.9825
891827;0.9863
894862;0.9822
897964;0.9794
901827;0.9851
905374;0.9838
908623;0.9852
911252;0.9796
913955;0.9862
919857;0.9871
923976;0.987
928852;0.9857
932209;0.9866
935880;0.9853
937862;0.982
941375;0.9825
944291;0.9825
946499;0.9829
948895;0.9726
951384;0.9813
954837;0.9883
961129;0.9881
964146;0.9887
966264;0.9871
969377;0.9845
972991;0.9793
975864;0.9887
979774;0.9901
982177;0.9883
984713;0.9878
988324;0.9756
990790;0.9881
995033;0.9868
997138;0.987
1003030;0.9817
1006508;0.9879
1011232;0.9876
1015136;0.986
1018157;0.9906
1020399;0.9875
1024186;0.9908
1027497;0.991
1031697;0.9873
1035086;0.9844
1040281;0.9855
1042743;0.9866
1044955;0.9852
1048622;0.989
1051691;0.9894
1054206;0.9883
1057414;0.9881
1060123;0.9887
1062944;0.9857
1065554;0.9902
1068321;0.9879
1070919;0.9904
1073970;0.9899
1077283;0.9895
1080027;0.9899
1084370;0.9909
1086095;0.991
1089197;0.9894
1093533;0.9904
1095449;0.9906
1098975;0.9912
1101126;0.9897
1105286;0.9829
1111215;0.99
1114514;0.991
1118269;0.9908
1122257;0.9909
1127854;0.9908
1130408;0.9927
1132159;0.989
1134669;0.9899
1139201;0.99
1141928;0.9925
1146243;0.9926
1149920;0.9926
1154177;0.9938
1157350;0.9898
1160084;0.9923
1164257;0.9902
1168040;0.9888
1172245;0.9887
1176698;0.9893
1179657;0.9843
1182940;0.9925
1186793;0.9893
1188579;0.9865
1191404;0.9907
1196330;0.9936
1200167;0.9953
1204563;0.9939
1208160;0.9938
1211739;0.9945
1215746;0.9952
1220420;0.9948
1223666;0.9946
1227686;0.9945
1231332;0.9948
1233759;0.9919
1237265;0.9842
1241542;0.9915
1244482;0.9917
1247044;0.9941
1249246;0.9918
1252340;0.9908
1254809;0.9931
1257408;0.9933
1261714;0.9932
1266782;0.9932
1270619;0.9938
1274844;0.9868
1276745;0.9945
1279343;0.9949
1282452;0.9943
1285039;0.9923
1286641;0.9937
1291180;0.9944
1295155;0.9952
1299738;0.9947
1301326;0.9946
1306081;0.9941
1310291;0.993
1311915;0.9947
1317809;0.995
1320468;0.9951
1322039;0.9956
1325979;0.9957
1328802;0.9923
1331998;0.997
1335914;0.996
1339899;0.994
1344767;0.9967
1349008;0.9935
1351219;0.9919
1353679;0.9916
1357906;0.9914
1361106;0.9943
1363615;0.9962
1368560;0.9949
1371028;0.9948
1374240;0.9965
1376724;0.9917
1382794;0.9957
1386189;0.9942
1389778;0.9911
1394586;0.9946
1396779;0.992
1402159;0.9935
1406454;0.9926
1409760;0.9954
1412830;0.9929
1414922;0.9961
1418653;0.995
1421962;0.9947
1423314;0.9945
1426201;0.9955
1427676;0.9957
1430288;0.9959
1433051;0.9962
1435599;0.9962
1438211;0.9959
1442883;0.9956
1444255;0.9942
1447736;0.9957
1452495;0.9952
1455034;0.9948
1460770;0.9959
1468993;0.9963
1472519;0.9964
1475495;0.9969
1477807;0.9969
1481379;0.9966
1484486;0.9963
1486989;0.996
1490113;0.9936
1493109;0.9934
1498118;0.9967
1502043;0.9964
1508140;0.9952
1512470;0.9884
1514850;0.9941
1517608;0.9959
1519674;0.9959
1524188;0.9959
1527692;0.9945
1531567;0.9927
1534614;0.9922
1540228;0.9942
1543864;0.9947
1546315;0.9953
1550595;0.9936
1554136;0.9941
1556032;0.9961
1559522;0.9964
1562710;0.9964
1566618;0.9966
1569102;0.9966
1572856;0.9966
1574931;0.9965
1577913;0.9965
1580842;0.9967
1586119;0.9968
1588635;0.9927
1590803;0.9877
1594673;0.9957
1600370;0.9959
1604559;0.9975
1609182;0.9972
1614440;0.9967
1618468;0.9911
1621138;0.9978
1624899;0.9973
1627429;0.9969
1630867;0.997
1635768;0.9972
1642118;0.9972
1645763;0.9972
1649220;0.9974
1651099;0.9974
1653878;0.9972
1658813;0.9971
1662232;0.9971
1664906;0.9968
1668909;0.9955
1672150;0.9958
1676329;0.9972
1679034;0.9969
1681846;0.9971
1685200;0.9963
1687955;0.9959
1692669;0.996
1697328;0.9962
1700464;0.9962
1702926;0.9976
1707530;0.9976
1710133;0.9976
1712933;0.9976
1716785;0.9978
1719872;0.9979
1724817;0.9972
1726606;0.9971
1729032;0.9971
1732616;0.9974
1736759;0.9974
1740061;0.9974
1741888;0.9974
1744359;0.9974
1746086;0.9974
1749537;0.9974
1754727;0.9988
1758165;0.9988
1760249;0.9985
1763457;0.9983
1767873;0.9983
1768886;0.9988
1772603;0.9987
1776366;0.9985
1782110;0.9982
1785050;0.9986
1788867;0.9987
1791782;0.9987
1793901;0.9967
1796891;0.9959
1799344;0.999
1802180;0.998
1805491;0.9979
1810786;0.9979
1813705;0.9978
1817993;0.9975
1822745;0.9972
1826736;0.9973
1829113;0.9981
1833540;0.9983
1835803;0.9949
1840099;0.9977
1842253;0.9978
1848807;0.9969
1852508;0.997
1856661;0.9964
1858546;0.9976
1862113;0.9979
1865759;0.9971
1868179;0.9969
1870985;0.9968
1873936;0.997
1877747;0.9969
1881274;0.9976
1885355;0.9978
1888467;0.9977
1893438;0.9978
1896490;0.9978
1899636;0.9947
1905034;0.9984
1908723;0.9975
1911585;0.997
1914182;0.997
1916627;0.997
1919231;0.9971
1921944;0.997
1924486;0.9972
1927247;0.9972
1930826;0.9946
1948217;FOUND
