10100;START
10100;0.8078
10200;0.8078
10300;0.8078
10400;0.8078
10500;0.8078
10600;0.8078
10700;0.8078
10800;0.8078
10900;0.8078
11000;0.8078
11100;0.8078
11200;0.8078
11300;0.8078
11400;0.8109
11500;0.9183
11600;0.9189
11700;0.8998
11800;0.9151
11900;0.9267
12000;0.9274
12100;0.94
12200;0.9253
12300;0.9369
12400;0.9419
12500;0.9305
12600;0.9398
12700;0.9489
12800;0.9499
12900;0.9391
13000;0.9504
13100;0.9103
13200;0.9525
13300;0.9443
13400;0.9474
13500;0.9498
13600;0.9515
13700;0.9477
13800;0.9484
13900;0.9498
14000;0.9501
14100;0.9506
14200;0.9552
14300;0.9532
14400;0.9544
14500;0.9504
14600;0.9574
14700;0.9569
14800;0.9582
14900;0.9518
15000;0.9565
15100;0.9526
15200;0.9559
15300;0.9461
15400;0.9584
15500;0.9576
15600;0.9577
15700;0.9543
15800;0.9565
15900;0.9549
16000;0.9534
16100;0.961
16200;0.9593
16300;0.9617
16400;0.9597
16500;0.9577
16600;0.9625
16700;0.9616
16800;0.9608
16900;0.9612
17000;0.9614
17100;0.9622
17200;0.9615
17300;0.9601
17400;0.9609
17500;0.9626
17600;0.9626
17700;0.9604
17800;0.9537
17900;0.9547
18000;0.9609
18100;0.9625
18200;0.9629
18300;0.9623
18400;0.9621
18500;0.962
18600;0.9601
18700;0.9573
18800;0.9562
18900;0.9555
19000;0.9508
19100;0.9514
19200;0.951
19300;0.9595
19400;0.9582
19500;0.9623
19600;0.9633
19700;0.9642
19800;0.9643
19900;0.9613
20000;0.9572
20100;0.9526
20200;0.9662
20300;0.9615
20400;0.9659
20500;0.9612
20600;0.9646
20700;0.9641
20800;0.9625
20900;0.9642
21000;0.9667
21100;0.966
21200;0.9661
21300;0.965
21400;0.9647
21500;0.9637
21600;0.9646
21700;0.9524
21800;0.9492
21900;0.9665
22000;0.9608
22100;0.965
22200;0.9659
22300;0.9635
22400;0.9636
22500;0.9649
22600;0.9644
22700;0.965
22800;0.9611
22900;0.953
23000;0.9617
23100;0.9655
23200;0.9664
23300;0.9643
23400;0.9669
23500;0.9673
23600;0.9648
23700;0.9659
23800;0.9545
23900;0.9679
24000;0.9645
24100;0.9653
24200;0.9561
24300;0.962
24400;0.9656
24500;0.966
24600;0.9662
24700;0.9666
24800;0.9667
24900;0.9634
25000;0.9676
25100;0.967
25200;0.9682
25300;0.9684
25400;0.9685
25500;0.9672
25600;0.9666
25700;0.9663
25800;0.967
25900;0.9603
26000;0.9489
26100;0.9652
26200;0.9627
26300;0.9659
26400;0.9652
26500;0.9665
26600;0.9648
26700;0.9626
26800;0.9659
26900;0.9697
27000;0.9617
27100;0.9618
27200;0.967
27300;0.967
27400;0.9675
27500;0.9678
27600;0.9677
27700;0.968
27800;0.9682
27900;0.9667
28000;0.9664
28100;0.9667
28200;0.9683
28300;0.9679
28400;0.9677
28500;0.967
28600;0.968
28700;0.9682
28800;0.9683
28900;0.9687
29000;0.9684
29100;0.9688
29200;0.9686
29300;0.9683
29400;0.9684
29500;0.967
29600;0.9662
29700;0.9661
29800;0.9675
29900;0.9679
30000;0.9679
30100;0.9677
30200;0.9637
30300;0.965
30400;0.9682
30500;0.9678
30600;0.9677
30700;0.9691
30800;0.9685
30900;0.9657
31000;0.9684
31100;0.9683
31200;0.9668
31300;0.9693
31400;0.9659
31500;0.9669
31600;0.9678
31700;0.9683
31800;0.9687
31900;0.9691
32000;0.9693
32100;0.9687
32200;0.9695
32300;0.9659
32400;0.9697
32500;0.9694
32600;0.969
32700;0.9693
32800;0.9692
32900;0.9607
33000;0.9674
33100;0.9688
33200;0.9667
33300;0.9692
33400;0.9697
33500;0.9694
33600;0.9677
33700;0.9617
33800;0.9668
33900;0.9685
34000;0.9688
34100;0.9688
34200;0.9689
34300;0.9689
34400;0.9697
34500;0.9677
34600;0.9687
34700;0.9706
34800;0.9707
34900;0.9704
35000;0.9701
35100;0.9702
35200;0.9699
35300;0.9697
35400;0.9706
35500;0.9697
35600;0.9702
35700;0.9696
35800;0.9696
35900;0.9697
36000;0.9696
36100;0.9695
36200;0.9696
36300;0.9693
36400;0.9702
36500;0.9702
36600;0.969
36700;0.9697
36800;0.9652
36900;0.9707
37000;0.9696
37100;0.9695
37200;0.9694
37300;0.9697
37400;0.9692
37500;0.9681
37600;0.9686
37700;0.9683
37800;0.9684
37900;0.9688
38000;0.969
38100;0.9682
38200;0.968
38300;0.9684
38400;0.968
38500;0.9681
38600;0.9694
38700;0.9672
38800;0.9667
38900;0.9683
39000;0.9681
39100;0.9699
39200;0.9671
39300;0.9701
39400;0.9698
39500;0.9696
39600;0.9702
39700;0.9709
39800;0.9709
39900;0.9703
40000;0.9702
40100;0.9687
40200;0.966
40300;0.9672
40400;0.9689
40500;0.9691
40600;0.9686
40700;0.9686
40800;0.9686
40900;0.9712
41000;0.9711
41100;0.9709
41200;0.9711
41300;0.9714
41400;0.9695
41500;0.9706
41600;0.9709
41700;0.9705
41800;0.9704
41900;0.9713
42000;0.9704
42100;0.9692
42200;0.9692
42300;0.9409
42400;0.9673
42500;0.9701
42600;0.9696
42700;0.9699
42800;0.9693
337700;FOUND
