10100;START
10100;0.8161
10200;0.8161
10300;0.8161
10400;0.8161
10500;0.8161
10600;0.8161
10700;0.8161
10800;0.8161
10900;0.8161
11000;0.8161
11100;0.8161
11200;0.8161
11300;0.8161
11400;0.8161
11500;0.8161
11600;0.909
11700;0.9152
11800;0.9258
11900;0.9117
12000;0.9119
12100;0.9323
12200;0.9329
12300;0.9279
12400;0.9279
12500;0.9385
12600;0.9386
12700;0.9241
12800;0.9279
12900;0.9453
13000;0.9445
13100;0.9426
13200;0.943
13300;0.9417
13400;0.9237
13500;0.9332
13600;0.9449
13700;0.9513
13800;0.9531
13900;0.9553
14000;0.9542
14100;0.9522
14200;0.9498
14300;0.9531
14400;0.95
14500;0.9546
14600;0.9547
14700;0.9549
14800;0.9561
14900;0.9534
15000;0.9552
15100;0.953
15200;0.9538
15300;0.9536
15400;0.9531
15500;0.9511
15600;0.9528
15700;0.953
15800;0.9554
15900;0.9496
16000;0.9544
16100;0.9529
16200;0.9547
16300;0.9567
16400;0.9561
16500;0.9569
16600;0.956
16700;0.9578
16800;0.9541
16900;0.9592
17000;0.96
17100;0.9572
17200;0.958
17300;0.9576
17400;0.9584
17500;0.9578
17600;0.9591
17700;0.9528
17800;0.9589
17900;0.9552
18000;0.9459
18100;0.9542
18200;0.9572
18300;0.9599
18400;0.96
18500;0.959
18600;0.9616
18700;0.9617
18800;0.9613
18900;0.9624
19000;0.9615
19100;0.9621
19200;0.9613
19300;0.9598
19400;0.9604
19500;0.9615
19600;0.9612
19700;0.9409
19800;0.9598
19900;0.9587
20000;0.9599
20100;0.9613
20200;0.9578
20300;0.9612
20400;0.9564
20500;0.9566
20600;0.9571
20700;0.9615
20800;0.9565
20900;0.96
21000;0.9579
21100;0.9595
21200;0.9611
21300;0.9618
21400;0.962
21500;0.9626
21600;0.9602
21700;0.9623
21800;0.9525
21900;0.9608
22000;0.9617
22100;0.9604
22200;0.9608
22300;0.9633
22400;0.9607
22500;0.9644
22600;0.9636
22700;0.9615
22800;0.9628
22900;0.9621
23000;0.9602
23100;0.9635
23200;0.9599
23300;0.9582
23400;0.9624
23500;0.9635
23600;0.9644
23700;0.9581
23800;0.9644
23900;0.9645
24000;0.9632
24100;0.9533
24200;0.9635
24300;0.9626
24400;0.9643
24500;0.9625
24600;0.9624
24700;0.9647
24800;0.9582
24900;0.9622
25000;0.9637
25100;0.9651
25200;0.9625
25300;0.9662
25400;0.9661
25500;0.9641
25600;0.9627
25700;0.9669
25800;0.9653
25900;0.9651
26000;0.9664
26100;0.9663
26200;0.9661
26300;0.9657
26400;0.9658
26500;0.9654
26600;0.9648
26700;0.9632
26800;0.9672
26900;0.9665
27000;0.9658
27100;0.9642
27200;0.9653
27300;0.9642
27400;0.9659
27500;0.9635
27600;0.966
27700;0.9607
27800;0.9658
27900;0.9678
28000;0.9666
28100;0.9653
28200;0.9667
28300;0.9665
28400;0.9675
28500;0.967
28600;0.9667
28700;0.9566
28800;0.9651
28900;0.9658
29000;0.9679
29100;0.9676
29200;0.9682
29300;0.9681
29400;0.9679
29500;0.9633
29600;0.9674
29700;0.9646
29800;0.9645
29900;0.9647
30000;0.9661
30100;0.9661
30200;0.9697
30300;0.9683
30400;0.9683
30500;0.9681
30600;0.9683
30700;0.9682
30800;0.967
30900;0.9618
31000;0.9642
31100;0.9662
31200;0.968
31300;0.9685
31400;0.9674
31500;0.9664
31600;0.9676
31700;0.9674
31800;0.9665
31900;0.9648
32000;0.9637
32100;0.965
32200;0.9653
32300;0.9662
32400;0.9634
32500;0.9628
32600;0.9667
32700;0.9676
32800;0.9682
32900;0.9678
33000;0.9668
33100;0.9688
33200;0.969
33300;0.9651
33400;0.9644
33500;0.9673
33600;0.9667
33700;0.9685
33800;0.9668
33900;0.9653
34000;0.9657
34100;0.968
34200;0.9688
34300;0.97
34400;0.9689
34500;0.9692
34600;0.9686
34700;0.9654
34800;0.9661
34900;0.9671
35000;0.9673
35100;0.9679
35200;0.9679
35300;0.9681
35400;0.9673
35500;0.9621
35600;0.9665
35700;0.9676
35800;0.967
35900;0.967
36000;0.9683
36100;0.9681
36200;0.9668
36300;0.9668
36400;0.9668
36500;0.9668
36600;0.9684
36700;0.9683
36800;0.9681
36900;0.968
37000;0.9691
37100;0.9681
37200;0.9622
37300;0.9649
37400;0.9672
37500;0.9576
2403758;FOUND
