10100;START
10100;0.8094
10200;0.8094
10300;0.8094
10400;0.8094
10500;0.8094
10600;0.8094
10700;0.8094
10800;0.8664
10900;0.904
11000;0.9109
11100;0.9274
11200;0.8916
11300;0.9256
11400;0.905
11500;0.9198
11600;0.8978
11700;0.9287
11800;0.9216
11900;0.9282
12000;0.9277
12100;0.9259
12200;0.9106
12300;0.9253
12400;0.9374
12500;0.9385
12600;0.9401
12700;0.9254
12800;0.9408
12900;0.9461
13000;0.9444
13100;0.9389
13200;0.9093
13300;0.9465
13400;0.949
13500;0.9507
13600;0.9331
13700;0.9454
13798;FOUND
