10100;START
10100;0.7993
10200;0.7993
10300;0.7993
10400;0.7993
10500;0.7993
10600;0.7993
10700;0.7993
10800;0.7993
10900;0.7993
11000;0.7993
11100;0.7993
11200;0.8032
11300;0.9097
11400;0.9098
11500;0.8994
11600;0.893
11701;0.8485
11801;0.9097
11901;0.9191
12001;0.922
12101;0.9291
12201;0.9321
12301;0.9267
12401;0.9244
12501;0.9322
12601;0.9305
12701;0.9177
12801;0.9322
12901;0.9389
13001;0.937
13101;0.9353
13201;0.9407
13301;0.9422
13401;0.9435
13501;0.927
13601;0.9424
13701;0.9333
13801;0.9378
13901;0.9234
14001;0.941
14101;0.9416
14201;0.9426
14301;0.9481
14401;0.9501
14501;0.9543
14601;0.952
14701;0.9523
14801;0.9504
14901;0.9431
15001;0.9477
15101;0.9493
15201;0.9507
15301;0.9488
15401;0.9492
15501;0.9531
15601;0.9531
15701;0.9552
15801;0.953
15901;0.9521
16001;0.9554
16101;0.9558
16201;0.9571
16301;0.9561
16401;0.9591
16501;0.9607
16601;0.9467
16701;0.9527
16801;0.9641
16901;0.9522
17001;0.9639
17101;0.9622
17201;0.9623
17301;0.9593
17401;0.9625
17501;0.9603
17601;0.9637
17701;0.9651
17801;0.965
17901;0.9616
18001;0.9656
18101;0.9666
18201;0.9637
18301;0.9641
18401;0.9651
18501;0.9652
18601;0.9633
18701;0.964
18801;0.9538
18901;0.9499
19001;0.9491
19101;0.9532
19201;0.9519
19301;0.9593
19401;0.9666
19501;0.9689
19601;0.9701
19701;0.9694
19801;0.967
19901;0.9688
20001;0.9681
20101;0.9606
20201;0.9573
20301;0.9627
20401;0.9694
20501;0.964
20601;0.9663
20701;0.9664
20801;0.9676
20901;0.9672
21001;0.9676
21101;0.9662
21201;0.9681
21301;0.9673
21401;0.9682
21501;0.9658
21601;0.9689
21701;0.9683
21801;0.9684
21901;0.9685
22001;0.9689
22101;0.9692
22201;0.9694
22301;0.9689
22401;0.9658
22501;0.9668
22601;0.9687
22701;0.9668
22801;0.9671
22901;0.9679
23001;0.9636
23101;0.9662
23201;0.967
23301;0.9669
23401;0.9683
23501;0.9692
23601;0.9689
23701;0.9693
23801;0.968
23901;0.9687
24001;0.9688
24101;0.9693
24201;0.9693
24301;0.9706
24401;0.9681
24501;0.964
24601;0.9709
24701;0.97
24801;0.9696
24901;0.9684
25001;0.9719
25101;0.9709
25201;0.9715
25301;0.9719
25401;0.9655
25501;0.9715
25601;0.9721
25701;0.9709
25801;0.9697
25901;0.9669
26001;0.9706
26101;0.9688
26201;0.9493
26301;0.9487
26401;0.9706
26501;0.973
26601;0.9737
26701;0.9687
26801;0.9712
26901;0.9699
27001;0.9664
27101;0.9727
27201;0.9712
27301;0.9724
27401;0.9726
27501;0.97
27601;0.9667
27701;0.9704
27801;0.9711
27901;0.9731
28001;0.9734
28101;0.9735
28201;0.9734
28301;0.9712
28401;0.9748
28501;0.9736
28601;0.9727
28701;0.9741
28801;0.9748
28901;0.9734
29001;0.9722
29101;0.9707
29201;0.9671
29301;0.9705
29401;0.9686
29501;0.9757
29601;0.9739
29701;0.9688
29801;0.9683
29901;0.9713
30001;0.9655
30101;0.9731
30201;0.9744
30301;0.9713
30401;0.9694
30501;0.9723
30601;0.9762
30701;0.9736
30801;0.9725
30901;0.9726
31001;0.9756
31101;0.9667
31201;0.9713
31301;0.9699
31401;0.9688
31501;0.9712
31601;0.9713
31701;0.9707
31801;0.9689
31901;0.9734
32001;0.9678
32101;0.9677
32201;0.9732
32301;0.9702
32401;0.9723
32501;0.9717
32601;0.9725
32701;0.9715
32801;0.971
32901;0.9694
33001;0.9723
33101;0.9694
33201;0.9758
33301;0.9753
33401;0.9749
33501;0.9754
33601;0.9754
33701;0.9752
33801;0.9761
33901;0.9764
34001;0.9761
34101;0.9745
34201;0.9731
34301;0.9756
34401;0.9776
34501;0.9776
34601;0.9761
34701;0.9752
34801;0.9752
34901;0.9752
35001;0.9769
35101;0.9735
35201;0.9747
35301;0.9735
35401;0.9739
35501;0.9771
35601;0.9769
35701;0.9759
35801;0.9738
35901;0.9753
36001;0.9723
36101;0.9746
36201;0.9729
36301;0.9751
36401;0.9743
36501;0.975
36601;0.9739
36701;0.9699
36801;0.9736
36901;0.9696
37001;0.973
37101;0.9728
37201;0.9697
3543463;FOUND
