10100;START
10100;0.8045
10200;0.8045
10300;0.8045
10400;0.8045
10500;0.8045
10600;0.8045
10700;0.8045
10800;0.8045
10900;0.8045
11000;0.888
11100;0.9097
11200;0.9144
11300;0.8942
11400;0.9129
11500;0.9254
11600;0.9239
11700;0.9236
11800;0.9375
11900;0.9348
12000;0.9248
12100;0.9208
12200;0.9274
12300;0.9241
12400;0.8664
12500;0.9382
12600;0.9409
12700;0.9199
12800;0.9218
12900;0.9346
13000;0.9351
13100;0.9338
13200;0.94
13300;0.9426
13400;0.9447
13500;0.9427
13600;0.942
13700;0.9477
13800;0.9476
13900;0.951
14000;0.9491
14100;0.9507
14200;0.9505
14300;0.9526
14400;0.9556
14500;0.9555
14600;0.9535
14700;0.9517
14800;0.9511
14900;0.9474
15000;0.9502
15100;0.9537
15200;0.9537
15300;0.9527
15400;0.9558
15500;0.9477
15600;0.9502
15700;0.9492
15800;0.9506
15900;0.9442
16000;0.9495
16100;0.9494
16200;0.953
16300;0.9251
16400;0.9531
16500;0.9538
16600;0.9553
16700;0.9557
16800;0.9507
16900;0.9466
17000;0.9539
17100;0.9546
17200;0.954
17300;0.9544
17400;0.929
17500;0.9483
17600;0.9522
17700;0.9525
17800;0.9336
17900;0.9251
18000;0.9571
18100;0.9575
18200;0.9534
18300;0.948
18400;0.9545
18500;0.9481
18600;0.9617
18700;0.9604
18800;0.9567
18900;0.9587
19000;0.9576
19100;0.9583
19200;0.9594
19300;0.9601
19400;0.9602
19500;0.9551
19600;0.9604
19700;0.9607
19800;0.9607
19900;0.9621
20000;0.9562
20100;0.962
20200;0.9595
20300;0.9638
20400;0.9622
20500;0.9631
20600;0.9623
20700;0.9581
20800;0.9615
20900;0.9581
21000;0.9549
21100;0.9629
21200;0.9627
21300;0.9597
21400;0.9621
21500;0.9623
21600;0.9636
21700;0.9645
21800;0.9657
21900;0.9643
22000;0.9667
22100;0.9638
22200;0.9594
22300;0.962
22400;0.9624
22500;0.9646
22600;0.9654
22700;0.9655
22800;0.9643
22900;0.967
23000;0.9634
23100;0.9656
23200;0.9648
23300;0.9589
23400;0.9614
23500;0.9646
23600;0.9611
23700;0.9661
23800;0.9668
23900;0.9628
24000;0.964
24100;0.9663
24200;0.9625
24300;0.9656
24400;0.9671
24500;0.9671
24600;0.9679
24700;0.9642
24800;0.9652
24900;0.966
25000;0.9655
25100;0.9659
25200;0.963
25300;0.9653
25400;0.961
25500;0.9588
25600;0.9509
25700;0.9659
25800;0.9679
25900;0.9675
26000;0.9649
26100;0.9669
26200;0.9667
26300;0.9674
26400;0.968
26500;0.9675
26600;0.9467
26700;0.9549
26800;0.9581
26900;0.9585
27000;0.9606
27100;0.9601
27200;0.9638
27301;0.9645
27401;0.965
27501;0.9654
27601;0.965
27701;0.9655
27801;0.9657
27901;0.9534
28001;0.9675
28101;0.9664
28201;0.9673
28301;0.9675
28401;0.9666
28501;0.9666
28601;0.9666
28701;0.9677
28801;0.9669
28901;0.9683
29001;0.9552
29101;0.9652
29201;0.9618
29301;0.9647
29401;0.964
29501;0.9623
29601;0.9585
29701;0.9608
29801;0.9606
29901;0.9645
30001;0.9659
30101;0.951
30201;0.9674
30301;0.9571
30401;0.9604
30501;0.9635
30601;0.9635
30701;0.9643
30801;0.9648
30901;0.9671
31001;0.9641
31101;0.9676
31201;0.9671
31301;0.9646
31401;0.9644
31501;0.9681
31601;0.969
31701;0.9675
31801;0.9672
31901;0.9664
32001;0.9663
32101;0.9692
32201;0.9698
32301;0.9697
32401;0.9696
32501;0.9685
32601;0.9672
32701;0.9693
32801;0.9683
32901;0.9604
33001;0.9676
33101;0.9618
33201;0.9684
33301;0.9668
33401;0.9661
33501;0.9668
33601;0.9615
33701;0.9672
33801;0.9653
33901;0.9681
34001;0.968
34101;0.9647
34201;0.9684
34301;0.9612
71422;FOUND
