10100;START
10100;0.8072
10200;0.8072
10300;0.8072
10400;0.8072
10500;0.8072
10600;0.8072
10700;0.8072
10800;0.8072
10900;0.8072
11000;0.9016
11100;0.9063
11200;0.8994
11300;0.8931
11400;0.8844
11500;0.9117
11600;0.8472
11700;0.907
11800;0.9201
11900;0.9136
12000;0.9203
12100;0.9016
12200;0.9193
12300;0.9301
12400;0.9152
12500;0.9251
12600;0.929
12700;0.9239
12800;0.9238
12900;0.9355
13000;0.9279
13100;0.8838
13200;0.9238
13300;0.9271
13400;0.9315
13500;0.9345
13600;0.9353
13700;0.9485
13800;0.9353
13900;0.9331
14000;0.9524
14100;0.9446
14200;0.9431
14300;0.952
14400;0.9453
14500;0.9449
14600;0.9527
14700;0.9544
14800;0.9517
14900;0.9506
15000;0.9408
15100;0.9472
15200;0.9392
15300;0.9525
15400;0.958
15500;0.9578
15600;0.9544
15700;0.9589
15800;0.9613
15900;0.9437
16000;0.9504
16100;0.9471
16200;0.9486
16300;0.9541
16400;0.9574
16500;0.949
16600;0.9549
16700;0.9516
16800;0.9604
16900;0.9601
17000;0.9617
17100;0.9599
17200;0.9599
17300;0.9553
17400;0.963
17500;0.961
17600;0.9567
17700;0.9639
17800;0.9625
17900;0.9628
18000;0.9599
18100;0.9582
18200;0.9615
18300;0.9611
18400;0.964
18500;0.9626
18600;0.9586
18700;0.9655
18800;0.9606
18900;0.9598
19000;0.9609
19100;0.96
19200;0.9642
19300;0.9599
19400;0.9566
19500;0.9505
19600;0.9555
19700;0.9655
19800;0.9572
19900;0.9525
20000;0.9655
20100;0.9627
20200;0.967
20300;0.9637
20400;0.9649
20500;0.9645
20600;0.9657
20700;0.9653
20800;0.9677
20900;0.9649
21000;0.9654
21100;0.9667
21200;0.9646
21300;0.9658
21400;0.9657
21500;0.9668
21600;0.9654
21700;0.9635
21800;0.9639
21900;0.962
22000;0.9662
22100;0.9619
22200;0.9617
22300;0.9662
22400;0.9627
22500;0.9656
22600;0.9642
22700;0.9672
22800;0.9639
22900;0.9613
23000;0.9593
23100;0.9676
23200;0.968
23300;0.9677
23400;0.9668
23500;0.9652
23600;0.9648
23700;0.964
23800;0.9672
23900;0.9636
24000;0.966
24100;0.9644
24200;0.9628
24300;0.9582
24400;0.9673
24500;0.9669
24600;0.9687
24700;0.9686
24800;0.9668
24900;0.9678
25000;0.9676
25100;0.9676
25200;0.9672
25300;0.9686
25400;0.9686
25500;0.9668
25600;0.9689
25700;0.9636
25800;0.9676
25900;0.9575
26000;0.9684
26100;0.9671
26200;0.9665
26300;0.9675
26400;0.9665
26500;0.9671
26600;0.9693
26700;0.9684
26800;0.9687
26900;0.9694
27000;0.9681
27100;0.9691
27200;0.968
27300;0.9652
27400;0.9684
27500;0.9669
27600;0.9687
27700;0.9683
27800;0.9679
27900;0.9683
28000;0.9688
28100;0.9698
28200;0.97
28300;0.9703
28400;0.9699
28500;0.9699
28600;0.9688
28700;0.966
28800;0.9642
28900;0.9675
29000;0.9681
29100;0.9666
29200;0.9651
29300;0.964
29400;0.9671
29500;0.9597
29600;0.9684
29700;0.9692
29800;0.9693
29900;0.9693
30000;0.9677
30100;0.9679
30200;0.9668
30300;0.9678
30400;0.9686
30500;0.9675
30600;0.9692
30700;0.9687
30800;0.9667
30900;0.9661
31000;0.9659
31100;0.9695
31200;0.9697
31300;0.9698
31400;0.9701
31500;0.9699
31600;0.9689
31700;0.9652
31800;0.9571
31900;0.9699
32000;0.956
32100;0.968
32200;0.9662
32300;0.9677
32400;0.9688
32500;0.9688
32600;0.9688
32700;0.9668
32800;0.967
32900;0.9657
33000;0.9668
33100;0.9674
33200;0.9665
33300;0.9669
33400;0.9678
33500;0.9682
33600;0.9678
33700;0.9642
33800;0.9698
33900;0.9693
34000;0.969
34100;0.9695
34200;0.9647
34300;0.9688
34400;0.9684
34500;0.9682
34600;0.9693
34700;0.969
34800;0.9705
34900;0.9704
35000;0.9704
35100;0.9685
35200;0.9693
35300;0.9694
35400;0.9661
35500;0.969
35600;0.9692
35700;0.9687
35800;0.9671
35900;0.9695
36000;0.9679
36100;0.9689
36200;0.97
36300;0.97
36400;0.9695
36500;0.9701
36600;0.9688
36700;0.968
36800;0.9658
36900;0.9689
37000;0.968
37100;0.9692
37200;0.9679
37300;0.9678
37400;0.9679
37500;0.967
37600;0.9583
37700;0.9581
37800;0.9685
37900;0.968
38000;0.9671
38100;0.9684
38200;0.9644
377117;FOUND
