10100;START
10100;0.8089
10200;0.8089
10300;0.8089
10400;0.8089
10500;0.8089
10600;0.8089
10700;0.8089
10800;0.8089
10900;0.8089
11000;0.8089
11100;0.8089
11200;0.8089
11300;0.8089
11400;0.8238
11500;0.92
11600;0.9235
11700;0.9131
11800;0.9287
11900;0.934
12000;0.9443
12100;0.9413
12200;0.9352
12300;0.9234
12400;0.9434
12500;0.9457
12600;0.9449
12700;0.937
12800;0.9528
12900;0.9493
13000;0.9471
13100;0.9498
13200;0.9447
13300;0.9498
13400;0.9461
13500;0.9519
13600;0.9517
13700;0.9505
13800;0.9471
13900;0.953
14000;0.9483
14100;0.9465
14200;0.9536
14300;0.9492
14400;0.9524
14500;0.9439
14600;0.9563
14700;0.9427
14800;0.9567
14900;0.9566
15000;0.9513
15100;0.9583
15200;0.949
15300;0.9502
15400;0.9464
15500;0.9553
15600;0.9511
15700;0.9506
15800;0.9514
15900;0.9478
16000;0.9546
16100;0.9486
16200;0.9576
16300;0.9587
16400;0.9603
16500;0.9507
16600;0.9546
16700;0.9538
16800;0.9549
16900;0.9565
17000;0.9559
17100;0.9611
17200;0.9579
17300;0.9578
17400;0.9536
17500;0.9543
17600;0.957
17700;0.963
17800;0.9639
17900;0.9638
18000;0.9639
18100;0.9638
18200;0.9595
18300;0.9635
18400;0.9638
18500;0.9606
18600;0.9635
18700;0.9601
18800;0.9566
18900;0.9609
19000;0.9646
19100;0.9615
19200;0.9624
19300;0.9618
19400;0.9608
19500;0.9612
19600;0.9482
19700;0.9618
19800;0.9634
19900;0.9579
20000;0.9628
20100;0.9644
20200;0.9622
20300;0.963
20400;0.966
20500;0.9649
20600;0.9539
20700;0.9652
20800;0.9566
20900;0.9638
21000;0.9634
21100;0.9655
21200;0.9663
21300;0.9663
21400;0.961
21500;0.9551
21600;0.9649
21700;0.965
21800;0.9653
21900;0.9648
22000;0.9627
22100;0.9615
22200;0.9658
22300;0.9661
22400;0.967
22500;0.9668
22600;0.9652
22700;0.9652
22800;0.9658
22900;0.96
23000;0.9647
23100;0.9633
23200;0.964
23300;0.9647
23400;0.9653
23500;0.9603
23600;0.9459
23700;0.967
23800;0.9666
23900;0.9655
24000;0.9654
24100;0.9656
24200;0.9657
24300;0.9651
24400;0.9638
24500;0.9632
24600;0.9649
24700;0.9653
24800;0.9652
24900;0.9655
25000;0.9655
25100;0.965
25200;0.9619
25300;0.9593
25400;0.9588
25500;0.9583
25600;0.9659
25700;0.9665
25800;0.965
25900;0.9666
26000;0.9654
26100;0.9648
26200;0.9668
26300;0.9672
26400;0.9663
26500;0.964
26600;0.9676
26700;0.9657
26800;0.9674
26900;0.9652
27000;0.964
27100;0.9641
27200;0.9674
27300;0.9647
27400;0.9657
27500;0.9667
27600;0.9664
27700;0.9646
27800;0.9656
27900;0.9629
28000;0.9653
28100;0.9639
28200;0.9634
28300;0.9663
28400;0.9659
28500;0.9661
28600;0.9631
28700;0.965
28800;0.9657
28900;0.9658
29000;0.9664
29100;0.9658
29200;0.9599
29300;0.9477
29400;0.9658
29500;0.9674
29600;0.9647
29700;0.966
29800;0.9673
29900;0.9661
30000;0.9667
30100;0.9654
30200;0.966
30300;0.9635
30400;0.9685
30500;0.9684
30600;0.9681
30700;0.9669
30800;0.9666
30900;0.9657
31000;0.9648
31100;0.9657
31200;0.9669
31300;0.9681
31400;0.9672
31500;0.9669
31600;0.9597
31700;0.9685
31800;0.9687
31900;0.9686
32000;0.9684
32100;0.9679
32200;0.9614
32300;0.957
32400;0.9653
32500;0.9583
1157582;FOUND
