10100;START
10100;0.8054
10200;0.8054
10300;0.8054
10400;0.8054
10500;0.8054
10600;0.8054
10700;0.8054
10800;0.8054
10900;0.8054
11000;0.8054
11100;0.8054
11200;0.8054
11300;0.8054
11400;0.8084
11500;0.9036
11600;0.8998
11700;0.8999
11800;0.9
11900;0.9316
12000;0.9455
12100;0.9427
12200;0.9357
12300;0.9433
12400;0.9391
12500;0.9299
12600;0.942
12700;0.9339
12800;0.9433
12900;0.9409
13000;0.9452
13100;0.9496
13200;0.8869
13300;0.9465
13400;0.9481
13500;0.9428
13600;0.9413
13700;0.951
13800;0.9526
13900;0.9537
14000;0.946
14100;0.9522
14200;0.9553
14300;0.9556
14400;0.9549
14500;0.9563
14600;0.9565
14700;0.9556
14800;0.9535
14900;0.9585
15000;0.9535
15100;0.9447
15200;0.9515
15300;0.9555
15400;0.9527
15500;0.9557
15600;0.9521
15700;0.9567
15800;0.9522
15900;0.958
16000;0.9568
16100;0.9587
16200;0.9602
16300;0.9582
16400;0.9609
16500;0.9597
16600;0.9633
16700;0.9576
16800;0.9626
16900;0.9603
17000;0.9619
17100;0.9627
17200;0.9527
17300;0.9397
17400;0.9608
17500;0.9562
17600;0.9603
17700;0.956
17800;0.9609
17900;0.9477
18000;0.9507
18100;0.9532
18200;0.9606
18300;0.9593
18400;0.9597
18500;0.9553
18600;0.9595
18700;0.9602
18800;0.9616
18900;0.9619
19000;0.9619
19100;0.9609
19200;0.9602
19300;0.9605
19400;0.9613
19500;0.961
19600;0.961
19700;0.9604
19800;0.9614
19900;0.9616
20000;0.9617
20100;0.961
20200;0.9594
20300;0.9593
20400;0.9638
20500;0.9579
20600;0.9569
20700;0.9564
20800;0.9625
20900;0.9624
21000;0.9568
21100;0.9608
21200;0.9594
21300;0.9583
21400;0.9483
21500;0.9588
21600;0.9614
21700;0.9619
21800;0.958
21900;0.9609
22000;0.9602
22100;0.9612
22200;0.9605
22300;0.9627
22400;0.9595
22500;0.9618
22600;0.9623
22700;0.9628
22800;0.9627
22900;0.963
23000;0.9634
23100;0.9636
23200;0.9614
23300;0.962
23400;0.9587
23500;0.965
23600;0.9618
23700;0.9645
23800;0.9585
23900;0.9597
24000;0.9657
24100;0.9655
24200;0.9653
24300;0.9632
24400;0.9629
24500;0.9633
24600;0.9644
24700;0.9636
24800;0.9635
24900;0.9617
25000;0.9642
25100;0.961
25200;0.9588
25300;0.9612
25400;0.9582
25500;0.96
25600;0.9633
25700;0.9644
25800;0.9651
25900;0.9659
26000;0.9669
26100;0.9673
26200;0.9667
26300;0.9646
26400;0.9663
26500;0.9662
26600;0.9676
26700;0.9671
26800;0.9646
26900;0.9646
27000;0.9649
27100;0.9652
27200;0.9651
27300;0.9663
27400;0.9672
27500;0.9675
27600;0.9673
27700;0.9659
27800;0.9667
27900;0.9666
28000;0.9665
28100;0.9667
28200;0.9661
28300;0.9653
28400;0.9649
28500;0.9651
28600;0.9616
28700;0.9605
28800;0.9613
28900;0.9585
29002;0.9661
29102;0.966
29202;0.9666
29302;0.9637
29402;0.9656
29502;0.9651
29602;0.9651
29702;0.9671
29802;0.9671
29902;0.9671
30002;0.9659
30102;0.9672
30202;0.9672
30302;0.9631
30402;0.9632
30502;0.9665
30602;0.9652
30702;0.9651
30802;0.9652
30902;0.9679
31002;0.9633
31102;0.9671
31202;0.9672
31304;0.9676
31404;0.9678
31504;0.9683
31604;0.9684
31704;0.9651
31804;0.9621
31904;0.9635
32004;0.9667
32104;0.9598
32204;0.9637
32304;0.967
32404;0.9663
32504;0.9675
32604;0.9667
32704;0.9663
32804;0.9678
32904;0.9627
33004;0.9567
33104;0.9649
33204;0.9615
1062341;FOUND
