10100;START
10100;0.8096
10200;0.8096
10300;0.8096
10400;0.8096
10500;0.8096
10600;0.8096
10700;0.8096
10800;0.8096
10900;0.8096
11000;0.8096
11100;0.8096
11200;0.8096
11300;0.8096
11400;0.8096
11500;0.8096
11600;0.8096
11700;0.8096
11800;0.8096
11900;0.8096
12000;0.8096
12100;0.8096
12200;0.9215
12300;0.9101
12400;0.9283
12500;0.9326
12600;0.9319
12700;0.9334
12800;0.9376
12900;0.9127
13000;0.9006
13100;0.9356
13200;0.9336
13300;0.9326
13400;0.922
13500;0.9399
13600;0.9368
13700;0.9379
13800;0.9377
13900;0.9412
14000;0.9402
14100;0.9508
14200;0.9476
14300;0.9486
14400;0.9539
14500;0.9531
14600;0.9438
14700;0.9522
14800;0.9509
14900;0.9459
15000;0.9459
15100;0.9458
15200;0.9265
15300;0.9472
15400;0.9441
15500;0.9483
15600;0.9536
15700;0.9457
15800;0.9409
15900;0.9475
16000;0.9482
16100;0.9494
16200;0.9473
16300;0.9565
16400;0.9567
16500;0.9598
16600;0.9603
16700;0.9493
16800;0.9596
16900;0.9584
17000;0.9497
17100;0.9609
17200;0.9567
17300;0.9582
17400;0.956
17500;0.9534
17600;0.9602
17700;0.9589
17800;0.9583
17900;0.9403
18000;0.9506
18100;0.9578
18200;0.9607
18300;0.9603
18400;0.9625
18500;0.9633
18600;0.9599
18700;0.9575
18800;0.965
18900;0.9667
19000;0.9626
19100;0.9631
19200;0.9606
19300;0.9615
19400;0.9608
19500;0.9559
19600;0.9635
19700;0.9599
19800;0.9586
19900;0.9664
20000;0.9655
20100;0.9656
20200;0.9654
20300;0.9684
20400;0.9653
20500;0.9654
20600;0.9669
20700;0.9673
20800;0.9549
20900;0.9649
21000;0.9685
21100;0.9685
21200;0.969
21300;0.9696
21400;0.9696
21500;0.9661
21600;0.9692
21700;0.9723
21800;0.9714
21900;0.9734
22000;0.9735
22100;0.9714
22200;0.9669
22300;0.9735
22400;0.9697
22500;0.9742
22600;0.9749
22700;0.9748
22800;0.9737
22900;0.9759
23000;0.9753
23100;0.9753
23200;0.9737
23300;0.9724
23400;0.9726
23500;0.9688
23600;0.9726
23700;0.9729
23800;0.9743
23900;0.9742
24000;0.9736
24100;0.9677
24200;0.9639
24300;0.9745
24400;0.974
24500;0.9727
24600;0.9739
24700;0.974
24800;0.973
24900;0.9744
25019;0.9754
25119;0.9735
25219;0.9729
25319;0.9716
25419;0.9703
25519;0.9637
25619;0.973
25719;0.962
25819;0.9695
25919;0.9769
26020;0.9758
26120;0.9745
26220;0.9758
26320;0.9751
26420;0.9752
26520;0.9753
26620;0.9754
26720;0.976
26820;0.9765
26920;0.9767
27020;0.9763
27120;0.9753
27220;0.977
27320;0.9743
27420;0.9712
27520;0.9785
27620;0.9728
27720;0.9759
27820;0.9746
27920;0.977
28020;0.9767
28120;0.9768
28220;0.9767
28320;0.9742
28420;0.9727
28520;0.974
28620;0.9741
28720;0.9736
28820;0.9736
28920;0.9759
29020;0.9747
29120;0.9764
29220;0.9758
29320;0.9747
29420;0.9758
29520;0.9702
29620;0.9744
29720;0.9779
29820;0.9772
29920;0.9748
30020;0.9785
30120;0.9777
30220;0.9786
30320;0.9781
30420;0.9776
30520;0.978
30620;0.9797
30720;0.9711
30820;0.9793
30920;0.9754
31020;0.976
31120;0.9778
31220;0.9654
31320;0.9729
31420;0.9771
31520;0.9779
31620;0.9771
31720;0.977
31820;0.9699
31920;0.9768
32020;0.9793
32120;0.9699
32220;0.9685
32320;0.9762
32420;0.9796
32520;0.9779
32620;0.9798
32720;0.9773
32820;0.9778
32920;0.9777
33020;0.9764
33120;0.9768
33220;0.9737
33320;0.9798
33420;0.9787
33520;0.979
33620;0.9789
33720;0.9781
33820;0.9768
33920;0.9786
34020;0.9791
34120;0.9722
34220;0.9583
585053;FOUND
