10100;START
10100;0.806
10200;0.806
10300;0.806
10400;0.806
10500;0.806
10600;0.806
10700;0.806
10800;0.806
10900;0.806
11000;0.806
11100;0.806
11200;0.806
11300;0.806
11400;0.806
11500;0.806
11600;0.806
11700;0.8345
11800;0.9233
11900;0.8867
12000;0.8534
12100;0.9268
12200;0.9279
12300;0.916
12400;0.9279
12500;0.9211
12600;0.9397
12700;0.9079
12800;0.9456
12900;0.9469
13000;0.9466
13100;0.9519
13200;0.9466
13300;0.9393
13400;0.9425
13500;0.9234
13600;0.9363
13700;0.9424
13800;0.9396
13900;0.9412
14000;0.9402
14100;0.9437
14200;0.9473
14300;0.9509
14400;0.9396
14500;0.9542
14600;0.9524
14700;0.9528
14800;0.949
14900;0.9517
15000;0.9493
15100;0.9538
15200;0.9538
15300;0.9506
15400;0.9543
15500;0.9528
15600;0.9507
15700;0.9479
15800;0.9511
15900;0.9567
16000;0.9565
16100;0.9552
16200;0.9572
16300;0.9568
16400;0.9547
16500;0.9538
16600;0.9536
16700;0.954
16800;0.9604
16900;0.9595
17000;0.9558
17100;0.9567
17200;0.9585
17300;0.9402
17400;0.9455
17500;0.9569
17600;0.9583
17700;0.9591
17800;0.9596
17900;0.9587
18000;0.949
18100;0.9572
18200;0.9579
18300;0.9591
18400;0.9592
18500;0.9566
18600;0.9586
18700;0.9606
18800;0.9516
18900;0.9611
19000;0.9587
19100;0.9596
19200;0.9608
19300;0.96
19400;0.9583
19500;0.94
19600;0.9557
19700;0.9434
19800;0.9479
19900;0.9574
20000;0.9578
20100;0.9613
20200;0.9608
20300;0.9606
20400;0.961
20500;0.9596
20600;0.9583
20700;0.9583
20800;0.9618
20900;0.9615
21000;0.9378
21100;0.9618
21200;0.9616
21300;0.961
21400;0.962
21500;0.9617
21600;0.9485
21700;0.9636
21800;0.963
21900;0.9612
22000;0.9631
22100;0.962
22200;0.9618
22300;0.963
22400;0.9629
22500;0.9625
22600;0.9601
22700;0.9589
22800;0.9509
22900;0.9613
23000;0.9647
23100;0.9607
23200;0.9572
23300;0.9634
23400;0.9638
23500;0.9632
23600;0.963
23700;0.9636
23800;0.964
23900;0.964
24000;0.9598
24100;0.9592
24200;0.9649
24300;0.9634
24400;0.965
24500;0.962
24600;0.9616
24700;0.9558
24800;0.9567
24900;0.9615
25000;0.9619
25100;0.9617
25200;0.9628
25300;0.9635
25400;0.9637
25500;0.9628
25600;0.9649
25700;0.9634
25800;0.9599
25900;0.964
26000;0.9645
26100;0.9614
26200;0.9606
26300;0.9608
26400;0.9596
26500;0.9642
26600;0.9651
26700;0.9649
26800;0.9634
26900;0.9588
27000;0.965
27100;0.9652
27200;0.9529
27300;0.9611
27400;0.9629
27500;0.9637
27600;0.9622
27700;0.9634
27800;0.9656
27900;0.9635
28000;0.9655
28100;0.9607
28200;0.9634
28300;0.9668
28400;0.9664
28500;0.9657
28600;0.9652
28700;0.9631
28800;0.9628
28900;0.9634
29000;0.9635
29100;0.9652
29200;0.9669
29300;0.9652
29400;0.9642
29500;0.9598
29600;0.965
29700;0.9624
29800;0.9575
29900;0.9529
30000;0.9553
30100;0.9647
30200;0.9596
30300;0.9648
30400;0.9649
30500;0.9649
30600;0.9597
30700;0.9659
30800;0.9653
30900;0.961
31000;0.9678
31100;0.9676
31200;0.9682
31300;0.9691
31400;0.9638
31500;0.9671
31600;0.9669
31700;0.9643
31800;0.9632
31900;0.9639
32000;0.9643
32100;0.9684
32200;0.9691
32300;0.9685
32400;0.9683
32500;0.9686
32600;0.9682
32700;0.9654
32800;0.9692
32900;0.9705
33000;0.9705
33100;0.9705
33200;0.9704
33300;0.9694
33400;0.9647
33500;0.9672
33600;0.9651
33700;0.9694
33800;0.9686
33900;0.969
34000;0.9691
34100;0.9687
34200;0.97
34300;0.9678
34400;0.9701
34500;0.9658
34600;0.9632
34700;0.9696
34800;0.9696
34900;0.9694
35000;0.9694
35100;0.9695
35200;0.9661
35300;0.9626
35400;0.9578
35500;0.9569
35600;0.9661
35700;0.9666
35800;0.967
35900;0.9684
36000;0.968
36100;0.9672
36200;0.963
36300;0.9626
36400;0.9649
36500;0.9657
36600;0.9667
36700;0.9663
36800;0.9678
36900;0.9674
37000;0.9669
37100;0.9665
37200;0.9678
37300;0.9681
37400;0.9683
37500;0.9681
37600;0.9677
37700;0.9676
37800;0.9633
37900;0.9681
38000;0.9595
462262;FOUND
