10100;START
10100;0.8939
10220;0.8939
10320;0.8939
10420;0.8939
10547;0.8939
10647;0.8939
10751;0.8939
10851;0.8939
10951;0.8939
11051;0.8939
11154;0.8939
11254;0.8939
11376;0.8939
11476;0.8939
11588;0.8939
11688;0.8939
11816;0.8939
11916;0.8939
12022;0.8939
12122;0.8939
12258;0.8939
12358;0.8939
12470;0.8939
12570;0.8939
12670;0.8939
12770;0.8939
12906;0.8941
13020;0.9087
13123;0.9127
13223;0.9127
13350;0.9112
13497;0.9147
13597;0.8674
13723;0.9108
13856;0.9093
14003;0.9125
14129;0.9124
14229;0.9076
14329;0.9082
14430;0.9122
14533;0.9123
14649;0.9133
14767;0.913
14867;0.9153
14967;0.9117
15067;0.9118
15167;0.9132
15267;0.9134
15367;0.9142
15474;0.9075
15574;0.9109
15674;0.9098
15774;0.9119
15876;0.9159
15981;0.9142
16081;0.9161
16181;0.8898
16281;0.9155
16381;0.9186
16499;0.9205
16599;0.9216
16699;0.9072
16822;0.9207
16922;0.9214
17022;0.9233
17122;0.9239
17232;0.9232
17332;0.9278
17432;0.9307
17532;0.9278
17632;0.9277
17732;0.928
17832;0.9202
17978;0.9254
18090;0.9261
18193;0.9329
18293;0.9289
18393;0.9307
18493;0.9242
18593;0.9353
18721;0.94
18915;0.928
19062;0.9434
19162;0.945
19262;0.9441
19362;0.946
19462;0.921
19562;0.9453
19689;0.9361
19789;0.9478
19889;0.9383
19989;0.9458
20089;0.9524
20189;0.9546
20289;0.9531
20430;0.9538
20530;0.9492
20630;0.9398
20730;0.952
20830;0.951
20933;0.9489
21033;0.9471
21133;0.9505
21233;0.946
21333;0.942
21433;0.952
21533;0.9375
21633;0.958
21733;0.9579
21833;0.9424
21972;0.9576
22076;0.9557
22176;0.9582
22276;0.9578
22376;0.9587
22476;0.948
22580;0.96
22680;0.952
22780;0.9525
22880;0.9576
22980;0.9546
23081;0.9537
23181;0.957
23281;0.9559
23406;0.9583
23506;0.9559
23606;0.9532
23743;0.9563
23843;0.958
23943;0.9584
24060;0.9606
24160;0.9644
24260;0.962
24369;0.96
24469;0.9377
24569;0.9528
24669;0.9566
24769;0.9607
24888;0.9573
25019;0.9606
25119;0.965
25221;0.9687
25321;0.9694
25430;0.9674
25540;0.964
25640;0.9602
25751;0.9647
25851;0.9707
25951;0.9613
26051;0.9712
26151;0.9727
26251;0.9712
26361;0.9695
26461;0.9662
26561;0.9683
26680;0.9664
26828;0.9687
26951;0.9684
27051;0.9666
27151;0.9674
27251;0.9664
27351;0.9675
27503;0.9687
27604;0.9694
27735;0.9684
27835;0.9694
27935;0.9731
28035;0.9733
28135;0.9735
28235;0.9741
28335;0.9748
28435;0.9728
28535;0.9727
28635;0.9735
28735;0.966
28835;0.9698
28935;0.9725
29059;0.9724
29159;0.9732
29259;0.9669
29359;0.9709
29464;0.9706
29564;0.9714
29664;0.973
29764;0.9743
29872;0.967
29972;0.9675
30072;0.974
30172;0.9626
30272;0.9656
30415;0.9635
30546;0.9754
30646;0.977
30751;0.9755
30863;0.9748
30963;0.9721
31087;0.9713
31187;0.9716
31287;0.9735
31387;0.972
31507;0.9637
31607;0.9701
31709;0.9657
31809;0.9654
31909;0.9738
32009;0.9751
32147;0.9761
32247;0.973
32347;0.9666
32488;0.9636
32588;0.9705
32688;0.9698
32788;0.9731
32888;0.9752
32988;0.9745
33089;0.9648
33189;0.9708
33289;0.9761
33418;0.9697
33521;0.9757
33621;0.957
33738;0.974
33838;0.9772
33938;0.977
34038;0.9759
34138;0.9759
34238;0.9747
34338;0.9767
34438;0.9774
34538;0.9741
34655;0.9707
34755;0.9759
34916;0.9793
35016;0.9743
35118;0.9781
35227;0.9774
35327;0.9787
35427;0.9793
35527;0.9801
35627;0.9815
35727;0.9801
35827;0.9803
35927;0.9686
36027;0.978
36127;0.9784
36227;0.979
36327;0.9802
36448;0.9799
36548;0.9691
36648;0.9772
36748;0.9773
36855;0.9751
36984;0.9758
37084;0.9676
37196;0.9792
37333;0.9703
37447;0.9756
37547;0.9775
37647;0.9763
37802;0.9705
37902;0.9758
38002;0.9769
38102;0.9712
38202;0.9752
38302;0.972
38402;0.9814
38502;0.98
38604;0.9763
38704;0.9767
38804;0.9799
38933;0.9806
39033;0.9709
39157;0.9758
39257;0.9784
39391;0.9599
39491;0.9804
39591;0.9721
39691;0.9797
39791;0.9772
39891;0.9721
40017;0.9805
40117;0.958
40236;0.9773
40336;0.9804
40458;0.9802
40558;0.9728
40696;0.9796
40796;0.9799
40896;0.9801
41037;0.9806
41156;0.9805
41256;0.9774
41356;0.9794
41465;0.9799
41565;0.9787
41665;0.9821
41765;0.9772
41865;0.9792
41965;0.9754
42065;0.9795
42178;0.9778
42296;0.9793
42396;0.9767
42496;0.9822
42596;0.9817
42696;0.9838
42796;0.983
42922;0.9836
43022;0.9838
43122;0.9803
43222;0.9836
43322;0.9829
43422;0.9827
43522;0.983
43622;0.9829
43722;0.98
43822;0.9634
43928;0.9788
44028;0.9797
44128;0.9797
44228;0.985
44328;0.9828
44428;0.9806
44549;0.9779
44649;0.9765
44749;0.9826
44862;0.9852
44974;0.985
45074;0.9853
45174;0.9847
45274;0.9813
45374;0.9846
45486;0.9839
45586;0.9706
45686;0.9845
45786;0.9849
45886;0.9838
45986;0.9817
46100;0.9792
46200;0.9797
46300;0.983
46400;0.9822
46500;0.9787
46600;0.9808
46700;0.9819
46804;0.9768
46904;0.9724
47004;0.9768
47130;0.979
47230;0.9771
47330;0.9871
47430;0.9862
47540;0.9861
47640;0.9858
47740;0.9862
47840;0.986
47940;0.9863
48048;0.9846
48148;0.9865
48248;0.9796
48348;0.9864
48448;0.986
48548;0.9794
48668;0.9784
48768;0.9804
48868;0.9776
48968;0.9865
49068;0.9844
49168;0.9833
49268;0.9646
49368;0.9837
49468;0.9854
49584;0.9831
49684;0.9852
49784;0.9856
49955;0.9881
50055;0.9887
50206;0.9874
50306;0.989
50406;0.9862
50543;0.9896
50643;0.9876
50759;0.9869
50863;0.9868
50963;0.9869
51071;0.9861
51171;0.9846
51320;0.9858
51420;0.9876
51535;0.9871
51635;0.9885
51735;0.9861
51835;0.9864
51941;0.9836
52041;0.9866
52141;0.9868
52260;0.986
52373;0.9851
52473;0.9863
52573;0.9878
52674;0.9876
52774;0.9876
52874;0.9883
52974;0.988
53074;0.9854
53174;0.9872
53274;0.9834
53374;0.9879
53474;0.9859
53574;0.9886
53692;0.9882
53798;0.9896
53898;0.9854
54007;0.9895
54107;0.9888
54207;0.9889
54319;0.9883
54419;0.9867
54521;0.9897
54621;0.9818
54730;0.9887
54844;0.9895
54944;0.9839
55050;0.9885
55150;0.9882
55250;0.9891
55350;0.988
55450;0.9864
55550;0.9858
55650;0.986
55750;0.9907
55850;0.9909
55950;0.991
56050;0.9906
56150;0.9902
56250;0.983
56356;0.9891
56511;0.9915
56611;0.9893
56711;0.9893
56811;0.9889
56911;0.9891
57059;0.9857
57159;0.983
57259;0.9876
57359;0.9899
57459;0.9893
57559;0.9894
57691;0.9828
57791;0.9846
57891;0.9899
58005;0.9905
58105;0.9914
58231;0.9921
58361;0.991
58461;0.991
58645;0.9903
58745;0.9906
58884;0.9915
58993;0.9919
59093;0.992
59193;0.9921
59326;0.9919
59426;0.9922
59526;0.9918
59626;0.9913
59761;0.9904
59861;0.988
59987;0.9857
60087;0.9902
60187;0.9905
60287;0.99
60394;0.9871
60528;0.9777
60628;0.9898
60728;0.9913
60828;0.9922
60997;0.989
61097;0.978
61197;0.9728
61297;0.9839
61397;0.9901
61497;0.9829
61597;0.9868
61697;0.9888
61797;0.9873
61908;0.9869
62008;0.9902
62110;0.9888
62210;0.9892
62310;0.9906
62439;0.9906
62557;0.9857
62657;0.978
62757;0.9889
62883;0.9857
62983;0.9898
63083;0.9906
63183;0.9906
63283;0.989
63383;0.9906
63483;0.9893
63594;0.9904
63696;0.9877
63800;0.9805
63900;0.9783
286128;FOUND
