10152;START
10152;0.889
10252;0.889
10352;0.889
10452;0.889
10552;0.889
10661;0.889
10801;0.889
10901;0.889
11001;0.889
11114;0.889
11214;0.889
11314;0.889
11414;0.889
11514;0.889
11614;0.889
11714;0.889
11843;0.889
11967;0.889
12067;0.889
12192;0.889
12292;0.889
12392;0.889
12510;0.9093
12610;0.8974
12710;0.9155
12810;0.9175
12910;0.9129
13019;0.9212
13119;0.9253
13221;0.9236
13321;0.918
13421;0.9222
13552;0.923
13652;0.9259
13752;0.9254
13852;0.9215
13952;0.925
14102;0.9211
14202;0.9258
14302;0.9269
14402;0.9255
14502;0.9241
14602;0.9206
14721;0.9219
14844;0.9277
14944;0.9284
15044;0.9273
15144;0.9277
15244;0.929
15344;0.9302
15444;0.9308
15544;0.9322
15644;0.9245
15744;0.9255
15844;0.927
16001;0.9341
16101;0.8996
16208;0.9189
16308;0.9272
16408;0.9407
16538;0.943
16638;0.9431
16742;0.943
16875;0.9422
16975;0.9415
17075;0.9423
17175;0.9426
17275;0.946
17427;0.9444
17527;0.9361
17627;0.9413
17765;0.9431
17869;0.9449
17990;0.9445
18090;0.9415
18190;0.9438
18290;0.9421
18390;0.9408
18490;0.9465
18590;0.9482
18690;0.9415
18813;0.9516
18925;0.9517
19025;0.9556
19125;0.9561
19225;0.9536
19325;0.9512
19425;0.9551
19525;0.955
19652;0.9555
19752;0.9568
19866;0.9521
19966;0.9577
20131;0.9565
20253;0.953
20353;0.9582
20453;0.9583
20553;0.9582
20674;0.9562
20774;0.9535
20874;0.9533
20984;0.9579
21105;0.9546
21223;0.9521
21323;0.9542
21423;0.9466
21523;0.9572
21639;0.9582
21739;0.9582
21839;0.9586
21939;0.9591
22039;0.9578
22142;0.955
22242;0.9569
22342;0.9537
22446;0.9579
22546;0.9582
22646;0.9564
22746;0.9511
22867;0.9575
22967;0.956
23067;0.9527
23192;0.9503
23295;0.9535
23395;0.9538
23495;0.9549
23595;0.9529
23695;0.9539
23795;0.9588
23949;0.956
24049;0.9556
24149;0.9575
24269;0.9588
24369;0.9598
24469;0.9604
24569;0.9596
24689;0.959
24800;0.9591
24900;0.9599
25000;0.9491
25100;0.9605
25200;0.9603
25300;0.9613
25416;0.9592
25516;0.9578
25616;0.958
25717;0.9519
25817;0.9563
25930;0.9584
26030;0.9589
26130;0.9452
26248;0.9503
26348;0.959
26448;0.9498
26548;0.9503
26672;0.9624
26772;0.9612
26872;0.9607
26972;0.9597
27072;0.9526
27172;0.9584
27272;0.9555
27372;0.9533
27472;0.9536
27588;0.9612
27688;0.9641
27790;0.9625
27897;0.9597
28050;0.9633
28156;0.9633
28256;0.9652
28390;0.9581
28490;0.9635
28594;0.9674
28694;0.9674
28794;0.9677
28926;0.9637
29026;0.9599
29130;0.9634
29231;0.9613
29331;0.9692
29431;0.9692
29577;0.9686
29720;0.9647
29838;0.9697
29938;0.9705
30065;0.9697
30165;0.9705
30265;0.9695
30381;0.9716
30512;0.969
30612;0.9717
30712;0.9697
30812;0.9719
30912;0.9682
31042;0.9714
31152;0.9664
31252;0.9649
31352;0.974
31466;0.9745
31566;0.9727
31675;0.9726
31775;0.971
31875;0.9716
31975;0.9466
32079;0.9685
32179;0.97
32279;0.9718
32406;0.9691
32506;0.9722
32614;0.973
32714;0.9679
32814;0.9632
32917;0.9628
33031;0.9379
33138;0.9595
33238;0.9474
33348;0.968
33455;0.9737
33555;0.9738
33655;0.9711
33785;0.9709
33890;0.9697
34016;0.9705
34116;0.9655
34216;0.9712
34316;0.9722
34467;0.9759
34567;0.9597
34696;0.9707
34803;0.9697
34903;0.9729
35003;0.9751
35103;0.9755
35203;0.9748
35303;0.9711
35403;0.971
35541;0.975
35641;0.9747
35741;0.9755
35898;0.9748
36034;0.9735
36186;0.9764
36286;0.9762
36386;0.9765
36495;0.9757
36601;0.9745
36701;0.9754
36801;0.9689
36904;0.9757
37004;0.9768
37104;0.9739
37204;0.9734
37304;0.9753
37423;0.9723
37523;0.9788
37632;0.9782
37732;0.9771
37832;0.9799
37932;0.978
38068;0.9666
38168;0.9722
38268;0.9678
38372;0.9664
38472;0.9767
38593;0.9748
38693;0.9782
38793;0.9782
38896;0.9769
38996;0.9783
39096;0.9782
39196;0.9786
39296;0.9782
39406;0.9782
39506;0.9791
39606;0.9791
39706;0.9789
39839;0.9786
39939;0.9723
40039;0.9776
40175;0.9782
40275;0.9756
40397;0.9769
40497;0.979
40605;0.9795
40705;0.9778
40805;0.9796
40905;0.9762
41073;0.9784
41196;0.9782
41296;0.9769
41402;0.9703
41509;0.9761
41609;0.9736
41709;0.9734
41809;0.9781
41909;0.9766
42009;0.9706
42109;0.9758
42209;0.9757
42311;0.9654
42416;0.9738
42534;0.97
42634;0.9681
42744;0.9653
42844;0.9674
42953;0.9706
43096;0.968
43196;0.9735
43320;0.9749
43420;0.9689
43524;0.9738
43624;0.9759
43724;0.976
43835;0.976
43953;0.9718
44095;0.9769
44195;0.974
44334;0.9734
44436;0.9769
44536;0.9776
44675;0.9738
44775;0.9782
44875;0.9787
44993;0.9696
45097;0.9798
45197;0.9762
45298;0.9723
45398;0.9747
45498;0.978
45598;0.9779
45740;0.9767
45840;0.9791
45995;0.979
46121;0.9788
46237;0.9794
46337;0.979
46475;0.9708
46575;0.9622
46675;0.9789
46787;0.9768
46891;0.9783
46991;0.9779
47093;0.9777
47193;0.9787
47293;0.9803
47418;0.9806
47518;0.9741
47642;0.9806
47755;0.9783
47855;0.9789
47973;0.9776
48073;0.9798
48225;0.9797
48365;0.9798
48465;0.9807
48565;0.9811
48665;0.9807
48765;0.9794
48879;0.981
48980;0.9806
49178;0.9807
49278;0.9814
49378;0.9806
49478;0.9809
49578;0.9803
49696;0.9792
49806;0.979
49941;0.9777
50074;0.9816
50174;0.982
50297;0.9789
50429;0.9798
50529;0.9818
50629;0.9815
50729;0.9768
50829;0.9749
50929;0.981
51029;0.9779
51129;0.9741
51238;0.9744
51338;0.982
51454;0.9801
51554;0.9788
51654;0.9788
51754;0.9805
51870;0.9741
51987;0.9809
52108;0.9809
52233;0.9803
52378;0.9787
52478;0.9779
52578;0.977
52678;0.9814
52778;0.9799
52878;0.9815
53016;0.9782
53135;0.9816
53235;0.9766
53340;0.9725
53465;0.9721
53565;0.977
53665;0.9744
53782;0.9784
53882;0.9771
53982;0.9792
54082;0.9788
54182;0.9792
54282;0.9759
54382;0.9813
54482;0.9811
54582;0.978
54682;0.9801
54782;0.9784
54882;0.977
54982;0.971
55139;0.9654
55239;0.978
55339;0.9784
55439;0.9786
55573;0.9756
55709;0.971
55809;0.9694
55909;0.978
56009;0.9785
56109;0.9622
97487;FOUND
