10100;START
10100;0.89
10200;0.89
10307;0.89
10408;0.89
10531;0.89
10631;0.89
10731;0.89
10831;0.89
10941;0.89
11041;0.89
11171;0.89
11271;0.89
11371;0.89
11483;0.89
11583;0.89
11683;0.89
11824;0.89
11924;0.89
12057;0.89
12157;0.89
12257;0.89
12357;0.89
12457;0.9017
12576;0.912
12676;0.9118
12776;0.914
12876;0.9125
12994;0.9053
13094;0.9171
13226;0.9173
13339;0.9186
13439;0.9214
13572;0.9194
13680;0.919
13807;0.91
13907;0.9191
14075;0.9182
14175;0.9183
14275;0.9166
14375;0.8998
14475;0.9194
14575;0.9222
14675;0.9199
14775;0.9151
14883;0.9182
14993;0.9127
15093;0.9255
15204;0.9273
15304;0.9297
15404;0.9255
15518;0.9317
15618;0.932
15721;0.9318
15822;0.9329
15922;0.9305
16047;0.9369
16194;0.9364
16294;0.9296
16395;0.9348
16530;0.9317
16645;0.9353
16749;0.9389
16849;0.9412
16955;0.9419
17061;0.9301
17181;0.9417
17336;0.9506
17463;0.9524
17563;0.9534
17663;0.9534
17782;0.9503
17882;0.9464
18008;0.9532
18108;0.9575
18208;0.9648
18308;0.9618
18408;0.9549
18508;0.9616
18608;0.9435
18712;0.9556
18812;0.9648
18962;0.9616
19062;0.9668
19162;0.9686
19278;0.9683
19391;0.959
19491;0.9734
19591;0.9748
19691;0.9741
19804;0.973
19954;0.9696
20054;0.9706
20179;0.971
20294;0.9732
20394;0.976
20494;0.9757
20594;0.9708
20694;0.9758
20814;0.9746
20914;0.9748
21042;0.9712
21142;0.952
21242;0.9736
21342;0.9532
21442;0.9779
21545;0.9724
21651;0.9799
21751;0.9802
21851;0.9787
21951;0.9744
22070;0.975
22170;0.9815
22270;0.9826
22418;0.9833
22518;0.9834
22618;0.9831
22718;0.9804
22818;0.9817
22943;0.9826
23043;0.9824
23212;0.9804
23312;0.9811
23422;0.9763
23522;0.9854
23622;0.9822
23722;0.9848
23891;0.9843
23991;0.9785
24091;0.97
24191;0.9836
24293;0.978
24393;0.9838
24493;0.9747
24593;0.9799
24694;0.9865
24794;0.9854
24894;0.9823
24994;0.9833
25109;0.9866
25209;0.9821
25328;0.9858
25428;0.9877
25528;0.9876
25628;0.9873
25778;0.9885
25878;0.9861
25978;0.9861
26081;0.9842
26182;0.9867
26282;0.9894
26382;0.9874
26482;0.9843
26582;0.9863
26693;0.9868
26793;0.9885
26893;0.9869
26993;0.9886
27111;0.9867
27211;0.9834
27369;0.9841
27474;0.9908
27601;0.9908
27719;0.9911
27819;0.9911
27919;0.9913
28019;0.991
28119;0.9892
28219;0.9909
28319;0.9913
28419;0.9911
28519;0.9878
28619;0.9928
28719;0.9929
28848;0.9929
28948;0.993
29053;0.9929
29164;0.9928
29264;0.9922
29370;0.991
29470;0.991
29622;0.9923
29801;0.9925
29901;0.9926
30021;0.9925
30121;0.9922
30221;0.9923
30321;0.9923
30439;0.9924
30539;0.9917
30648;0.9924
30748;0.9918
30848;0.9914
30962;0.9916
31069;0.9918
31183;0.9929
31283;0.993
31383;0.993
31483;0.9928
31583;0.9925
31683;0.9923
31783;0.9893
31891;0.9895
32008;0.9889
32122;0.9893
32236;0.9903
32336;0.9877
32436;0.9889
32536;0.9893
32636;0.9917
32736;0.9901
32836;0.992
32936;0.9915
33036;0.9912
33136;0.9915
33236;0.992
33341;0.992
33441;0.992
33561;0.992
33717;0.9918
33826;0.9893
33926;0.9915
34046;0.9893
34146;0.9903
34251;0.9917
34351;0.9928
34451;0.9934
34552;0.9929
34690;0.9929
34790;0.9924
34890;0.9879
34990;0.9904
35107;0.9899
35231;0.9901
35331;0.9908
35431;0.9912
35531;0.9917
35631;0.9916
35731;0.9933
35845;0.9925
35945;0.9904
36045;0.993
36145;0.9935
36245;0.9934
36356;0.9933
36456;0.9935
36556;0.9929
36656;0.9922
36775;0.9929
36875;0.9931
36975;0.9935
37075;0.9936
37175;0.9935
37275;0.9911
37375;0.9888
37475;0.9738
37606;0.9914
37745;0.9881
37845;0.9912
37945;0.991
38045;0.9908
38145;0.9915
38247;0.9932
38347;0.9888
38464;0.9853
38589;0.9926
38689;0.9896
38803;0.9889
38903;0.9924
39003;0.9932
39103;0.9933
39209;0.9933
39309;0.9931
39430;0.9931
39532;0.9933
39645;0.9919
39745;0.9909
39847;0.9922
39947;0.9929
40047;0.9932
40147;0.9933
40247;0.9932
40347;0.9932
40447;0.9932
40547;0.9935
40647;0.9931
40747;0.993
40847;0.9932
40947;0.9934
41054;0.9934
41207;0.9902
41330;0.9932
41430;0.9936
41530;0.9937
41677;0.9938
41777;0.9939
41930;0.9941
42030;0.9939
42130;0.9897
42236;0.992
42336;0.9892
42436;0.9904
172075;FOUND
