10100;START
10100;0.8913
10200;0.8913
10300;0.8913
10400;0.8913
10507;0.8913
10619;0.8913
10719;0.8913
10819;0.8913
10919;0.8913
11019;0.8913
11119;0.8913
11228;0.8913
11328;0.8913
11428;0.8913
11528;0.8913
11639;0.8913
11752;0.8913
11894;0.8913
12014;0.8913
12114;0.8913
12214;0.8913
12339;0.8913
12482;0.8913
12582;0.8913
12682;0.8913
12792;0.8913
12917;0.8915
13017;0.9159
13138;0.9075
13238;0.9072
13357;0.9133
13457;0.9172
13598;0.9071
13698;0.9024
13857;0.9089
13957;0.9145
14057;0.9153
14173;0.9123
14273;0.9117
14373;0.9178
14503;0.9156
14603;0.9135
14715;0.9192
14815;0.9107
14918;0.9152
15018;0.9217
15118;0.9235
15226;0.9274
15326;0.9232
15426;0.9205
15526;0.9274
15641;0.9178
15741;0.9341
15847;0.9239
15963;0.9259
16063;0.9372
16163;0.9413
16263;0.943
16363;0.9383
16463;0.9358
16563;0.9339
16668;0.9414
16768;0.9273
16885;0.9457
17009;0.9443
17109;0.9462
17209;0.9508
17332;0.9497
17435;0.9477
17535;0.947
17635;0.9493
17735;0.9371
17835;0.951
17942;0.953
18073;0.9456
18188;0.9527
18288;0.9561
18398;0.9552
18498;0.9562
18670;0.9569
18770;0.9463
18870;0.9523
19008;0.9525
19108;0.9536
19208;0.9522
19323;0.9498
19423;0.9544
19576;0.9574
19678;0.9603
19778;0.9572
19878;0.9574
19978;0.9557
20078;0.9544
20178;0.9579
20278;0.9608
20378;0.9612
20491;0.9554
20591;0.9524
20691;0.9629
20791;0.9573
20891;0.9633
20991;0.9691
21129;0.97
21229;0.9699
21370;0.9695
21470;0.9661
21593;0.9663
21693;0.9682
21803;0.9694
21932;0.9694
22032;0.9666
22174;0.9689
22292;0.9631
22398;0.9706
22510;0.9732
22655;0.9706
22755;0.9675
22855;0.9453
22955;0.958
23055;0.9659
23155;0.9685
23314;0.9711
23414;0.9712
23514;0.9685
23632;0.9738
23732;0.9725
23832;0.9693
23932;0.9759
24032;0.9752
24132;0.9766
24232;0.971
24332;0.978
24432;0.9772
24532;0.9772
24667;0.9744
24767;0.9704
24867;0.9773
24969;0.9776
25093;0.9748
25274;0.9721
25397;0.9599
25533;0.9766
25633;0.9743
25751;0.976
25851;0.9751
25951;0.9783
26051;0.9651
26151;0.9755
26251;0.9753
26378;0.9753
26478;0.9712
26592;0.9755
26750;0.9762
26850;0.9673
26984;0.9781
27084;0.9744
27203;0.9737
27303;0.9753
27403;0.979
27515;0.9748
27615;0.9777
27715;0.9777
27815;0.9756
27915;0.973
28015;0.9792
28115;0.9813
28222;0.979
28322;0.9825
28422;0.9809
28545;0.9809
28645;0.9821
28745;0.9748
28856;0.9783
28969;0.9817
29069;0.9681
29188;0.9792
29288;0.9803
29388;0.9785
29488;0.9727
29588;0.9773
29688;0.9766
29815;0.9791
29915;0.9745
30019;0.9797
30173;0.9851
30273;0.9838
30373;0.9834
30473;0.9827
30587;0.9789
30687;0.9849
30787;0.9853
30887;0.9748
31012;0.9794
31112;0.9766
31212;0.9823
31333;0.9829
31433;0.9862
31533;0.984
31633;0.9824
31733;0.9859
31856;0.9836
31956;0.9864
32062;0.987
32162;0.9867
32297;0.9884
32397;0.9886
32497;0.9892
32607;0.9873
32707;0.988
32820;0.9878
32920;0.989
33020;0.9887
33120;0.9884
33235;0.9891
33349;0.9901
33449;0.9881
33549;0.9881
33701;0.989
33801;0.9857
33901;0.9874
34001;0.9892
34101;0.9873
34207;0.9894
34307;0.9894
34407;0.9901
34507;0.9878
34653;0.9873
34753;0.9889
34853;0.99
34953;0.9893
35086;0.9914
35186;0.9901
35286;0.9911
35411;0.9904
35511;0.991
35611;0.9911
35711;0.9915
35811;0.9851
35945;0.9896
36052;0.992
36164;0.9922
36264;0.9909
36364;0.9925
36464;0.9905
36564;0.9866
36674;0.9909
36784;0.9917
36884;0.9798
36984;0.9918
37084;0.9894
37184;0.989
37284;0.9838
37384;0.9828
37484;0.9894
37584;0.9738
37684;0.9903
37784;0.9903
37911;0.9923
38011;0.9921
38111;0.9933
38211;0.9927
38344;0.9932
38444;0.9924
38625;0.9916
38725;0.993
38825;0.9655
38925;0.9934
39025;0.9909
39125;0.9921
39237;0.9912
39357;0.9935
39457;0.9927
39557;0.9928
39657;0.9929
39763;0.9928
39863;0.9937
39963;0.994
40063;0.994
40163;0.994
40300;0.9937
40400;0.9913
40500;0.9934
40600;0.9941
40712;0.9937
40812;0.9939
40912;0.9939
41012;0.9939
41121;0.9939
41221;0.9939
41331;0.9939
41440;0.994
41540;0.9939
41640;0.9943
41740;0.9921
41840;0.9917
41940;0.9916
42040;0.9914
42140;0.9916
42261;0.9917
42361;0.992
42504;0.9921
42615;0.9921
42715;0.9922
42815;0.9921
42927;0.9933
43027;0.9936
43127;0.9936
43227;0.9935
43335;0.9939
43435;0.9938
43535;0.9939
43636;0.994
43736;0.9939
43836;0.9939
43936;0.9928
44069;0.985
44169;0.9902
44269;0.9801
44372;0.9927
44472;0.9934
44578;0.992
44678;0.9904
44778;0.9921
44878;0.9906
44978;0.9901
45078;0.9933
45178;0.9932
45278;0.9931
45378;0.9935
45482;0.993
45582;0.9929
45682;0.9929
45808;0.9932
45908;0.9935
46008;0.9944
46112;0.9943
46225;0.9943
46325;0.9944
46436;0.9944
46574;0.9943
46674;0.9927
46774;0.9837
46876;0.9858
46976;0.9915
47079;0.9933
47179;0.9937
47279;0.9936
47404;0.9937
47516;0.9938
47616;0.9938
47716;0.993
47816;0.9926
47916;0.9925
48050;0.9932
48155;0.9942
48256;0.9943
48356;0.9942
48456;0.9942
48596;0.9944
48696;0.9944
48814;0.9944
48914;0.9942
49014;0.9943
49114;0.9944
49214;0.9944
49314;0.9926
49414;0.9938
49538;0.9885
49638;0.9625
49738;0.9825
49911;0.9921
50011;0.99
50111;0.9893
50214;0.9844
50353;0.9904
50453;0.9904
50553;0.9897
50653;0.984
50753;0.9873
50866;0.9924
50967;0.9915
51084;0.9916
51184;0.9918
51284;0.9927
51384;0.9928
51484;0.9928
51602;0.9931
51702;0.9931
51802;0.9933
51902;0.9934
52010;0.9943
52138;0.9944
52238;0.9914
227157;FOUND
