10132;START
10132;0.8936
10232;0.8936
10332;0.8936
10468;0.8936
10568;0.8936
10668;0.8936
10768;0.8936
10868;0.8936
10990;0.8936
11095;0.8936
11195;0.8936
11295;0.8936
11435;0.8936
11591;0.8936
11691;0.8936
11795;0.8936
11957;0.8936
12078;0.8936
12192;0.8936
12292;0.8936
12429;0.8936
12529;0.8936
12629;0.8936
12729;0.8936
12829;0.8936
12932;0.8936
13032;0.8936
13132;0.8936
13266;0.8958
13366;0.9106
13466;0.9128
13566;0.9102
13672;0.9138
13784;0.8962
13884;0.9171
14031;0.9121
14131;0.9165
14231;0.9202
14343;0.9222
14449;0.9156
14549;0.921
14649;0.9236
14749;0.9274
14867;0.9246
14967;0.9214
15067;0.9274
15167;0.9262
15267;0.9265
15367;0.9281
15472;0.9302
15572;0.9311
15672;0.9323
15772;0.9317
15872;0.9208
16031;0.9249
16141;0.9324
16241;0.932
16341;0.9269
16490;0.9207
16590;0.9425
16690;0.9154
16790;0.9374
16890;0.9369
17020;0.9361
17120;0.9431
17220;0.9417
17320;0.9375
17420;0.9456
17520;0.9282
17620;0.9491
17720;0.9498
17820;0.9401
17920;0.9533
18020;0.95
18161;0.9558
18261;0.9443
18361;0.955
18461;0.9507
18566;0.9545
18666;0.9554
18774;0.9559
18874;0.9556
18974;0.9622
19090;0.9636
19190;0.9632
19290;0.9409
19390;0.9592
19490;0.9644
19590;0.9687
19691;0.9701
19791;0.9728
19891;0.9714
20030;0.968
20130;0.9704
20230;0.9683
20330;0.9681
20435;0.9674
20535;0.973
20635;0.9726
20760;0.9737
20860;0.9751
20973;0.9706
21110;0.9752
21210;0.977
21310;0.9674
21410;0.9675
21527;0.9638
21627;0.975
21727;0.975
21827;0.9678
21927;0.9751
22031;0.9723
22131;0.9742
22340;0.9754
22449;0.9763
22549;0.9771
22656;0.9564
22756;0.9739
22856;0.9767
22969;0.975
23069;0.9776
23275;0.9784
23406;0.9779
23506;0.9779
23606;0.979
23720;0.9782
23820;0.9804
23920;0.9736
24020;0.9798
24120;0.979
24237;0.9759
24351;0.9768
24451;0.9721
24551;0.9733
24651;0.9765
24751;0.9769
24851;0.9665
24992;0.9765
25092;0.9776
25192;0.9786
25311;0.9778
25411;0.9788
25511;0.9798
25611;0.9779
25711;0.9769
25838;0.9781
25938;0.9776
26038;0.9752
26138;0.9753
26255;0.9766
26355;0.9762
26457;0.9783
26557;0.9778
26657;0.972
26762;0.9807
26862;0.9802
26964;0.9797
27064;0.9776
27164;0.9812
27299;0.981
27399;0.9815
27499;0.9816
27603;0.9799
27721;0.9827
27821;0.9822
27926;0.9824
28054;0.9816
28183;0.9823
28283;0.9808
28385;0.977
28545;0.9762
28645;0.967
28745;0.9825
28845;0.9809
28945;0.9795
29083;0.9812
29192;0.9793
29292;0.9815
29410;0.9853
29510;0.9824
29610;0.9857
29710;0.9692
29810;0.9867
29910;0.9865
30010;0.9879
30123;0.9823
30244;0.9877
30344;0.9845
30486;0.989
30586;0.9881
30708;0.9884
30808;0.9899
30908;0.9901
31008;0.9846
31108;0.989
31251;0.9899
31351;0.9877
31451;0.9903
31551;0.991
31651;0.9906
31751;0.9907
31851;0.9907
31951;0.9902
32051;0.9918
32151;0.9816
32251;0.9886
32351;0.9897
32507;0.9888
32607;0.9797
32707;0.9875
32881;0.9864
32981;0.9854
33081;0.9854
33184;0.985
33303;0.9847
33403;0.9873
33503;0.985
33633;0.988
33733;0.99
33833;0.9897
33944;0.9867
34053;0.9873
34153;0.9916
34253;0.9903
34353;0.9918
34453;0.9918
34553;0.9918
34653;0.9918
34753;0.9912
34866;0.9918
34981;0.9916
35081;0.9895
35181;0.9896
35281;0.9912
35381;0.9911
35481;0.9907
35589;0.9908
35726;0.9908
35831;0.9905
35934;0.9905
36034;0.992
36142;0.9908
36289;0.983
36389;0.9844
36493;0.9887
36618;0.9903
36718;0.9916
36896;0.9917
37019;0.9916
37150;0.9914
37255;0.9912
37355;0.991
37455;0.9908
37555;0.989
37655;0.9923
37755;0.9923
37855;0.9924
37955;0.9921
38055;0.9927
38155;0.9906
38255;0.99
38355;0.9922
38455;0.9888
38555;0.993
38698;0.993
38798;0.9925
38898;0.9927
38998;0.9927
39098;0.9926
39198;0.9925
39298;0.9924
39398;0.9924
39498;0.9923
39601;0.9923
39701;0.992
39810;0.9919
39910;0.9923
40012;0.9925
40112;0.9925
40212;0.9924
40312;0.9874
40412;0.9864
40512;0.989
40612;0.9927
40712;0.993
40813;0.993
40913;0.993
41013;0.993
41113;0.9922
41213;0.989
41313;0.9929
41416;0.9932
41516;0.9933
41617;0.9931
41717;0.9879
41817;0.9835
41917;0.9917
42021;0.9878
42121;0.9932
42237;0.9933
42337;0.9931
42437;0.9932
42537;0.9929
42666;0.9931
42782;0.9931
42882;0.9927
42982;0.9928
43082;0.9918
43189;0.9912
43289;0.992
43441;0.9931
43551;0.9932
43651;0.9933
43751;0.9931
43851;0.993
43951;0.9932
44051;0.9933
44151;0.9934
44251;0.9934
44351;0.9935
44451;0.9935
44551;0.9933
44651;0.9935
44751;0.9935
44876;0.9935
44976;0.9935
45076;0.9924
45176;0.9846
45276;0.9928
45395;0.9926
45521;0.9925
45621;0.9927
45729;0.9927
45829;0.9926
45929;0.9921
46029;0.9927
46139;0.9924
46239;0.9928
46369;0.9928
46469;0.9927
46588;0.9927
46688;0.9929
46788;0.9928
46888;0.9928
46991;0.9928
47091;0.993
47212;0.993
47312;0.993
47452;0.993
47552;0.993
47673;0.9929
47773;0.9929
47873;0.9932
47973;0.9908
48073;0.9895
55072;FOUND
