10100;START
10100;0.8891
10200;0.8891
10300;0.8891
10400;0.8891
10500;0.8891
10600;0.8891
10775;0.8891
10875;0.8891
10975;0.8891
11075;0.8891
11175;0.8891
11275;0.8891
11375;0.8891
11481;0.8891
11652;0.8891
11752;0.8891
11852;0.8891
11962;0.8891
12062;0.8896
12162;0.9012
12262;0.9159
12362;0.9124
12462;0.9119
12562;0.8986
12662;0.9099
12762;0.9082
12862;0.9103
12962;0.8848
13062;0.9051
13162;0.9143
13262;0.9141
13362;0.9122
13462;0.9194
13562;0.9173
13662;0.9128
13762;0.9137
13862;0.9182
13978;0.9197
14078;0.9237
14178;0.9242
14300;0.9234
14460;0.9328
14560;0.9335
14660;0.9319
14760;0.9357
14860;0.9412
14960;0.9428
15129;0.9416
15229;0.9399
15345;0.9424
15445;0.9377
15545;0.9331
15692;0.9366
15792;0.9374
15892;0.9197
16013;0.9356
16118;0.9413
16218;0.9115
16366;0.939
16466;0.9502
16593;0.9463
16705;0.9476
16805;0.9481
16905;0.9468
17013;0.9507
17140;0.9501
17279;0.9511
17462;0.9413
17562;0.9515
17662;0.953
17762;0.9545
17924;0.9491
18055;0.9506
18175;0.9558
18275;0.9552
18375;0.9502
18475;0.9553
18575;0.9571
18675;0.9557
18789;0.9553
18892;0.9465
19012;0.9577
19112;0.9519
19212;0.9475
19312;0.9374
19412;0.9555
19562;0.9505
19662;0.9527
19762;0.9488
19862;0.9543
19962;0.9457
20062;0.9475
20190;0.9263
20290;0.951
20390;0.9553
20499;0.9471
20599;0.9417
20699;0.9375
20799;0.9499
20899;0.9518
20999;0.9564
21099;0.9558
21232;0.9592
21336;0.9586
21443;0.9577
21543;0.9569
21652;0.9582
21768;0.954
21868;0.9612
21968;0.9418
22068;0.9617
22168;0.9604
22268;0.9636
22368;0.9632
22468;0.9583
22568;0.958
22668;0.9508
22776;0.9651
22890;0.9643
22990;0.9636
23137;0.961
23237;0.967
23360;0.968
23460;0.9694
23560;0.9741
23671;0.971
23818;0.9725
23918;0.9681
24018;0.9699
24142;0.976
24242;0.9766
24342;0.9773
24442;0.9787
24542;0.974
24651;0.9815
24751;0.9832
24885;0.9788
24985;0.978
25086;0.9807
25186;0.978
25286;0.9764
25386;0.9789
25584;0.9773
25694;0.9791
25801;0.9809
25913;0.9737
26074;0.9772
26174;0.977
26274;0.9774
26387;0.9781
26511;0.9677
26611;0.9731
26711;0.9838
26891;0.9842
26991;0.985
27117;0.9858
27217;0.9832
27328;0.9875
27428;0.9845
27528;0.9872
27628;0.989
27728;0.9899
27848;0.9905
27985;0.9896
28085;0.9897
28197;0.9904
28343;0.9908
28446;0.9881
28546;0.9873
28646;0.9894
28746;0.9876
28846;0.9869
28972;0.9765
29072;0.9848
29174;0.9893
29286;0.9877
29407;0.9874
29507;0.9885
29607;0.9828
29720;0.9761
29820;0.9781
29929;0.9907
30029;0.9812
30129;0.9879
30229;0.9907
30329;0.9905
30429;0.9908
30565;0.9896
30665;0.9902
30765;0.9914
30865;0.9909
30976;0.9918
31076;0.9895
31176;0.9913
31276;0.9872
31376;0.9927
31476;0.9931
31589;0.993
31689;0.9925
31810;0.9918
31910;0.9914
32015;0.9895
32115;0.9907
32215;0.9908
32315;0.9904
32417;0.9903
32517;0.9903
32669;0.9906
32807;0.9906
32907;0.9892
33007;0.9912
33107;0.9905
33207;0.9908
33307;0.9909
33457;0.9909
33557;0.9902
33657;0.9898
33757;0.9916
33857;0.9916
33964;0.9914
34064;0.9905
34164;0.9873
34264;0.9909
34377;0.9859
34477;0.9902
34581;0.9904
34681;0.9903
34781;0.9902
34881;0.9904
34981;0.99
35097;0.9831
35222;0.9913
35322;0.9914
35422;0.9904
35522;0.9904
35622;0.9907
35726;0.9907
35826;0.9906
35926;0.9914
36028;0.9924
36128;0.9923
36250;0.9921
36350;0.9917
36471;0.9921
36571;0.9905
36697;0.9904
36797;0.9922
36897;0.9934
36997;0.9933
37097;0.9937
37197;0.994
37297;0.9935
37397;0.9933
37497;0.9935
37597;0.994
37697;0.9939
37805;0.9938
37905;0.9938
38005;0.9927
38105;0.9919
38205;0.9916
38309;0.9917
38409;0.9921
38509;0.9925
38609;0.9925
38709;0.9933
38812;0.9931
38934;0.9924
39067;0.9926
39175;0.9928
39275;0.9926
39375;0.9881
39475;0.9917
39594;0.9921
39694;0.9924
39797;0.9928
39912;0.9929
40037;0.9919
40164;0.9929
40264;0.9865
40403;0.993
40503;0.9931
40603;0.9931
40703;0.9925
40803;0.9925
40952;0.9925
41052;0.9925
41152;0.993
41291;0.9932
41391;0.9931
41498;0.9928
41598;0.9929
41698;0.9917
41826;0.9932
41926;0.9933
42026;0.9934
42165;0.994
42265;0.994
42387;0.9945
42546;0.9945
42646;0.9945
42746;0.9945
42855;0.9945
42955;0.9944
43055;0.9945
43163;0.9945
43263;0.9945
43363;0.9945
43463;0.9945
43568;0.9921
43668;0.9932
43768;0.9936
43868;0.9939
43968;0.9939
44068;0.9938
44168;0.993
44268;0.9936
44403;0.9939
44503;0.9939
44603;0.994
44703;0.9941
44803;0.9901
44903;0.9918
45003;0.9934
45103;0.9937
45204;0.9938
45304;0.9939
45434;0.9902
45534;0.9801
45634;0.9934
45751;0.9918
45851;0.9888
45951;0.9904
46051;0.9897
46151;0.9923
46268;0.9918
46368;0.993
46474;0.9894
46574;0.9875
46689;0.9913
200103;FOUND
