10100;START
10100;0.8866
10200;0.8866
10300;0.8866
10400;0.8866
10504;0.8866
10604;0.8866
10704;0.8866
10804;0.8866
10904;0.8866
11004;0.8866
11104;0.8866
11204;0.8866
11304;0.8866
11404;0.8866
11529;0.8866
11629;0.8866
11729;0.8866
11829;0.8866
11929;0.8866
12029;0.8866
12172;0.8866
12357;0.8875
12457;0.895
12557;0.907
12666;0.8902
12766;0.8924
12866;0.9065
12966;0.9088
13066;0.9076
13166;0.9085
13279;0.9061
13379;0.9101
13498;0.9131
13598;0.9113
13698;0.9075
13798;0.8995
13913;0.9086
14013;0.911
14113;0.901
14213;0.9135
14313;0.9181
14413;0.9154
14532;0.9183
14632;0.9172
14763;0.9186
14863;0.9148
15001;0.9141
15101;0.9129
15211;0.9167
15311;0.9181
15411;0.9171
15511;0.9161
15648;0.9165
15748;0.9124
15848;0.9268
15948;0.9134
16048;0.9209
16148;0.9234
16248;0.9261
16348;0.9262
16462;0.9294
16562;0.9263
16742;0.9285
16842;0.9104
16942;0.9208
17054;0.9252
17158;0.9358
17276;0.9379
17376;0.9304
17480;0.9408
17580;0.9424
17680;0.9406
17780;0.9384
17880;0.9392
17980;0.9405
18080;0.9441
18180;0.9429
18280;0.9462
18380;0.9469
18522;0.9478
18622;0.9425
18722;0.9443
18858;0.9459
18958;0.9446
19058;0.9479
19162;0.9434
19262;0.9477
19403;0.9467
19508;0.9504
19608;0.9542
19750;0.9519
19850;0.9543
19977;0.9535
20077;0.9526
20180;0.9467
20280;0.9441
20380;0.951
20503;0.9523
20603;0.9531
20703;0.9508
20803;0.9505
20903;0.9356
21055;0.9544
21161;0.9519
21261;0.9488
21361;0.9514
21530;0.9512
21630;0.9527
21730;0.9516
21830;0.944
21930;0.951
22030;0.9488
22130;0.9526
22230;0.9489
22330;0.9498
22443;0.9475
22582;0.9518
22682;0.9486
22782;0.9517
22882;0.951
22982;0.9526
23082;0.9515
23182;0.9412
23282;0.9511
23431;0.9504
23531;0.9544
23631;0.9504
23731;0.9525
23831;0.9528
23931;0.9525
24031;0.9535
24131;0.9534
24231;0.9533
24375;0.9518
24475;0.9495
24588;0.9519
24688;0.946
24788;0.952
24888;0.9555
24988;0.9535
25088;0.9548
25194;0.9554
25296;0.956
25396;0.9517
25496;0.9536
25656;0.9558
25766;0.9472
25866;0.9512
25966;0.956
26078;0.9603
26192;0.9554
26292;0.9585
26392;0.9623
26492;0.964
26592;0.9687
26692;0.9648
26792;0.9588
26902;0.9664
27002;0.9619
27102;0.9647
27202;0.9685
27302;0.9681
27410;0.9688
27526;0.9705
27671;0.9659
27771;0.9083
27871;0.9644
27971;0.971
28071;0.9657
28171;0.958
28271;0.9523
28371;0.9661
28485;0.9685
28585;0.961
28685;0.97
28785;0.9711
28885;0.9751
28985;0.9725
29085;0.9745
29186;0.9745
29286;0.974
29386;0.9661
29486;0.9721
29586;0.9762
29695;0.9746
29831;0.9765
29931;0.9747
30040;0.97
30188;0.9766
30288;0.9738
30392;0.98
30492;0.9796
30617;0.9803
30730;0.9781
30851;0.9777
30951;0.9813
31051;0.9791
31151;0.9803
31280;0.9822
31380;0.9829
31497;0.9793
31647;0.9842
31794;0.9835
31908;0.9833
32008;0.9789
32117;0.9787
32217;0.9697
32317;0.9793
32417;0.9801
32537;0.9776
32637;0.9802
32746;0.9867
32856;0.9855
32956;0.9848
33068;0.987
33168;0.986
33277;0.9845
33377;0.9836
33477;0.9851
33577;0.9856
33677;0.9851
33777;0.9821
33886;0.9872
33986;0.9768
34086;0.9867
34186;0.986
34315;0.9848
34424;0.9872
34524;0.9876
34624;0.9879
34724;0.9887
34842;0.9868
34955;0.9884
35055;0.9884
35160;0.9893
35260;0.9907
35360;0.99
35479;0.9882
35600;0.9887
35700;0.9906
35804;0.9892
35924;0.9906
36024;0.9912
36132;0.984
36248;0.9898
36348;0.9913
36448;0.989
36549;0.9897
36649;0.9902
36749;0.9908
36852;0.9914
36952;0.9902
37064;0.9918
37164;0.9921
37264;0.9918
37364;0.9923
37481;0.9923
37636;0.9922
37771;0.9885
37871;0.9907
37998;0.992
38099;0.9925
38199;0.9898
38299;0.9897
38399;0.9917
38500;0.992
38600;0.9914
38715;0.9907
38815;0.9911
38915;0.9892
39015;0.9871
39115;0.9863
39215;0.9853
39353;0.9903
39453;0.9893
39553;0.9923
39653;0.9914
39759;0.9912
39859;0.9924
39959;0.9928
40061;0.9929
40161;0.9928
40261;0.9925
40361;0.9924
40461;0.992
40561;0.992
40666;0.9845
40815;0.9925
40954;0.9916
41054;0.9924
41161;0.9923
41261;0.9923
41376;0.9922
41476;0.9915
41576;0.992
41676;0.99
41776;0.9879
41876;0.9888
41976;0.9916
42076;0.9915
42203;0.9917
42303;0.9915
42403;0.9914
42503;0.9906
42603;0.9834
42788;0.9887
42888;0.99
42988;0.9919
43088;0.992
43188;0.9924
43288;0.9924
43395;0.9924
43495;0.9922
43595;0.9923
43695;0.9912
43795;0.9893
43895;0.9925
43995;0.9912
44109;0.9908
44235;0.9916
44335;0.9923
44435;0.9912
44535;0.9927
44636;0.9865
44736;0.993
44839;0.9911
44939;0.993
45039;0.9932
45139;0.9931
45239;0.993
45380;0.9929
45480;0.9907
45591;0.9931
45695;0.9914
45795;0.986
45896;0.982
46012;0.9904
46125;0.9907
46225;0.9929
46325;0.9925
46449;0.9907
46549;0.9906
478398;FOUND
