10100;START
10100;0.8909
10208;0.8909
10308;0.8909
10408;0.8909
10508;0.8909
10608;0.8909
10708;0.8909
10808;0.8909
10908;0.8909
11008;0.8909
11108;0.8909
11235;0.8909
11355;0.8909
11455;0.8909
11555;0.8909
11660;0.8909
11760;0.8909
11860;0.8909
11960;0.8909
12060;0.8909
12160;0.8909
12261;0.8909
12361;0.8909
12497;0.8909
12597;0.8909
12697;0.8909
12797;0.8909
12897;0.8909
12999;0.8909
13099;0.8909
13199;0.8909
13327;0.8909
13451;0.8909
13551;0.8909
13715;0.8909
13815;0.8909
13915;0.8909
14015;0.8909
14115;0.8909
14215;0.8909
14315;0.8909
14415;0.8909
14515;0.9056
14615;0.8862
14715;0.9076
14815;0.9009
14927;0.9086
15027;0.9086
15127;0.9084
15227;0.9031
15327;0.8976
15427;0.9031
15527;0.9043
15627;0.9074
15727;0.9086
15827;0.9091
15927;0.9031
16027;0.9097
16135;0.9096
16235;0.912
16339;0.9129
16441;0.9144
16541;0.9126
16641;0.9027
16762;0.9189
16862;0.9217
16962;0.9232
17062;0.92
17162;0.9222
17262;0.9207
17416;0.9178
17522;0.9147
17622;0.9193
17731;0.9154
17845;0.9242
17945;0.9214
18057;0.9269
18157;0.9239
18277;0.928
18392;0.9309
18492;0.926
18592;0.9322
18706;0.9374
18806;0.9338
18938;0.9355
19038;0.9365
19138;0.9383
19240;0.9396
19340;0.9425
19468;0.9441
19568;0.9404
19668;0.9415
19768;0.9355
19868;0.9421
19968;0.9412
20068;0.9378
20237;0.9419
20345;0.9406
20445;0.9422
20545;0.9462
20645;0.9325
20745;0.9449
20845;0.9442
20945;0.9433
21073;0.9397
21173;0.9483
21273;0.9282
21414;0.9517
21514;0.9517
21631;0.9533
21731;0.956
21831;0.9555
21931;0.9582
22031;0.9587
22131;0.953
22231;0.9605
22336;0.9603
22436;0.958
22545;0.962
22652;0.9585
22752;0.9634
22865;0.9641
23014;0.9651
23114;0.9544
23214;0.9436
23314;0.9576
23429;0.9603
23535;0.9627
23638;0.9632
23752;0.9643
23852;0.9603
23952;0.9649
24052;0.9617
24152;0.9651
24288;0.9667
24388;0.9704
24488;0.971
24612;0.962
24712;0.9667
24834;0.9659
24953;0.9675
25077;0.9716
25177;0.9687
25277;0.9665
25377;0.9668
25477;0.9724
25577;0.9728
25683;0.9706
25783;0.9708
25883;0.9691
25983;0.9726
26083;0.9722
26231;0.9713
26332;0.9699
26432;0.9696
26552;0.9623
26675;0.9711
26775;0.9729
26885;0.9731
26985;0.9732
27085;0.9726
27185;0.9714
27285;0.9726
27415;0.9731
27520;0.973
27620;0.9733
27763;0.9731
27863;0.9711
27963;0.9737
28063;0.9709
28169;0.9731
28269;0.9728
28369;0.9729
28471;0.9727
28592;0.9735
28752;0.9742
28852;0.9741
28952;0.9742
29052;0.9737
29152;0.972
29283;0.9722
29407;0.973
29507;0.9735
29616;0.9666
29716;0.9681
29816;0.9707
29916;0.973
30016;0.9601
30116;0.9715
30216;0.9724
30316;0.9736
30451;0.973
30551;0.9722
30651;0.9694
30751;0.9721
30871;0.9525
30971;0.9724
31096;0.9742
31196;0.9725
31296;0.9696
31396;0.9694
31511;0.9558
31613;0.9746
31729;0.9743
31832;0.9718
31932;0.9661
32032;0.973
32132;0.9747
32232;0.9746
32332;0.9723
32433;0.9738
32533;0.9722
32633;0.971
32733;0.9745
32833;0.9692
32933;0.974
33033;0.9738
33133;0.9717
33236;0.9705
33336;0.97
33436;0.973
33559;0.9737
33659;0.9609
33759;0.9694
33863;0.9746
34035;0.975
34135;0.9761
34239;0.9737
34397;0.9763
34497;0.9751
34597;0.9771
34705;0.9762
34825;0.9759
34925;0.9767
35025;0.9763
35135;0.9752
35235;0.9757
35354;0.9763
35486;0.9752
35660;0.9768
35773;0.9747
35873;0.9746
35973;0.9765
36073;0.9767
36173;0.9767
36273;0.9769
36373;0.9769
36473;0.9764
36573;0.9776
36673;0.9762
36773;0.9742
36895;0.9758
36995;0.9771
37095;0.978
37195;0.9767
37295;0.9745
37395;0.9744
37495;0.9759
37603;0.9763
37703;0.9783
37803;0.9782
37903;0.9781
38003;0.9784
38103;0.9779
38266;0.9776
38389;0.9784
38489;0.9784
38589;0.9782
38689;0.9783
38789;0.9787
38914;0.978
39014;0.9765
39114;0.9769
39217;0.972
39331;0.9718
39440;0.9693
69189;FOUND
