10100;START
10100;0.8894
10200;0.8894
10331;0.8894
10431;0.8894
10545;0.8894
10645;0.8894
10784;0.8894
10884;0.8894
10984;0.8894
11084;0.8894
11184;0.8894
11284;0.8894
11384;0.8894
11508;0.8894
11608;0.8894
11708;0.8894
11808;0.8894
11936;0.8894
12036;0.8894
12142;0.8894
12258;0.8894
12424;0.8895
12524;0.9129
12624;0.9146
12752;0.9128
12862;0.9147
12962;0.9133
13107;0.9132
13207;0.9149
13307;0.9168
13407;0.9167
13534;0.9056
13653;0.914
13753;0.9101
13855;0.9104
13967;0.9074
14077;0.9089
14178;0.9144
14278;0.9057
14378;0.911
14478;0.9164
14578;0.9094
14682;0.9135
14782;0.9148
14882;0.9165
14982;0.9168
15082;0.9169
15182;0.915
15282;0.9197
15382;0.9202
15482;0.9211
15582;0.9218
15682;0.9146
15817;0.9191
15917;0.9199
16048;0.9197
16148;0.9221
16248;0.9217
16401;0.9241
16501;0.9251
16601;0.9235
16701;0.9246
16801;0.92
16901;0.9217
17001;0.9177
17101;0.9152
17241;0.9215
17341;0.924
17441;0.9247
17541;0.9202
17641;0.9176
17741;0.9218
17861;0.9219
17961;0.9242
18064;0.9208
18164;0.9234
18264;0.9252
18364;0.9297
18464;0.9228
18571;0.9226
18694;0.9248
18794;0.9228
18894;0.928
18994;0.9308
19094;0.9275
19194;0.9292
19308;0.9286
19408;0.9305
19508;0.931
19608;0.9309
19708;0.9312
19841;0.9312
19941;0.9415
20069;0.929
20169;0.9173
20269;0.9392
20369;0.9375
20469;0.9336
20619;0.9374
20719;0.9379
20826;0.9381
20926;0.9339
21026;0.9388
21147;0.9387
21247;0.9281
21347;0.9431
21447;0.9447
21547;0.9482
21683;0.9474
21783;0.9216
21883;0.939
21983;0.9319
22083;0.945
22219;0.9496
22325;0.9493
22454;0.9452
22554;0.9432
22654;0.9494
22754;0.947
22854;0.9476
22963;0.9455
23063;0.9388
23169;0.9455
23345;0.9436
23513;0.9429
23613;0.9128
23713;0.9352
23813;0.932
23924;0.9324
24048;0.9358
24170;0.937
24270;0.9419
24370;0.9468
24470;0.9449
24570;0.9438
24670;0.947
24827;0.9343
24927;0.9507
25039;0.9466
25140;0.9396
25240;0.9458
25347;0.9458
25447;0.9523
25563;0.9443
25663;0.9422
25773;0.9477
25893;0.9508
26012;0.9525
26112;0.9538
26212;0.9539
26344;0.95
26444;0.952
26544;0.9529
26644;0.9507
26744;0.9516
26844;0.9437
26944;0.9474
27052;0.9503
27152;0.9512
27252;0.9519
27352;0.9496
27476;0.9514
27576;0.9498
27676;0.9489
27823;0.9516
27923;0.9515
28023;0.9508
28156;0.9553
28274;0.9561
28374;0.9569
28475;0.9546
28601;0.9554
28701;0.9555
28801;0.9551
28901;0.9533
29001;0.9466
29103;0.9553
29231;0.9538
29331;0.9448
29469;0.9531
29600;0.9542
29700;0.9492
29800;0.9541
29900;0.9472
30027;0.9433
30131;0.9536
30253;0.9532
30364;0.9453
30464;0.9451
30564;0.9426
30664;0.9547
30764;0.9556
30864;0.9496
30980;0.9545
31099;0.9487
31199;0.9487
31299;0.9539
31399;0.954
31499;0.9545
31606;0.95
31709;0.9501
31809;0.9527
31909;0.9535
32048;0.955
32159;0.9572
32259;0.9498
32359;0.9546
32459;0.9418
32595;0.9554
32695;0.9559
32795;0.9589
32895;0.9584
32995;0.9508
33095;0.9461
33238;0.9564
33338;0.9568
33438;0.9573
33538;0.9591
33638;0.9547
33738;0.9425
33844;0.9512
33944;0.9536
34077;0.9525
34191;0.957
34291;0.9556
34391;0.9561
34491;0.955
34624;0.9529
34724;0.9528
34844;0.9564
34956;0.9571
35075;0.9522
35202;0.9558
35326;0.9552
35448;0.9543
35569;0.9579
35670;0.9581
35770;0.955
35870;0.9565
35970;0.9554
36154;0.9592
36254;0.9566
36354;0.9598
36454;0.9612
36554;0.9596
36654;0.9555
36758;0.951
36858;0.9595
36958;0.96
37058;0.9599
37158;0.9596
37279;0.9461
37379;0.9592
37479;0.9535
37579;0.9591
37679;0.9488
37779;0.9614
37879;0.9595
37979;0.9583
38108;0.9544
38208;0.9603
38308;0.9573
38409;0.9523
38537;0.9486
38637;0.9592
38737;0.9622
38853;0.9615
38953;0.9628
39063;0.9639
39163;0.9471
39263;0.9557
39363;0.9648
39467;0.9665
39567;0.9667
39667;0.968
39767;0.9673
39867;0.9646
39967;0.9674
40067;0.9555
40186;0.9528
40286;0.9712
40400;0.9709
40500;0.9695
40612;0.9713
40712;0.9693
40812;0.9664
40912;0.9708
41014;0.9729
41153;0.9723
41253;0.97
41353;0.9703
41489;0.9486
41589;0.9686
41736;0.9725
41836;0.9683
41936;0.9642
42036;0.9712
42186;0.9533
42308;0.9716
42408;0.9703
42508;0.9709
42608;0.9711
42708;0.9726
42808;0.9627
42908;0.9535
43008;0.9569
43108;0.9735
43208;0.9722
43308;0.9751
43420;0.9751
43520;0.9749
43629;0.9724
43763;0.9705
43863;0.9752
43963;0.976
44078;0.9776
44178;0.9748
44315;0.9765
44415;0.9771
44638;0.9754
44771;0.9779
44871;0.9779
44986;0.9774
45086;0.9765
45186;0.9769
45286;0.976
45386;0.9766
45486;0.967
45626;0.9765
45776;0.9733
45910;0.9756
46025;0.9779
46125;0.977
46253;0.9771
46353;0.978
46453;0.9766
46553;0.9642
46666;0.9765
46766;0.9772
46866;0.9774
46967;0.9714
47067;0.9739
47167;0.9743
47287;0.9752
47387;0.9749
47502;0.9759
47604;0.9744
47704;0.9734
47804;0.9721
47904;0.9713
48039;0.9736
48139;0.9768
48239;0.9772
48339;0.9781
48447;0.967
48559;0.9767
48660;0.9754
48771;0.9761
48871;0.9759
48971;0.9764
49071;0.9778
49171;0.9776
49271;0.9735
49418;0.9742
49522;0.9764
49622;0.9801
49722;0.9785
49822;0.9765
49938;0.98
50038;0.9808
50154;0.9799
50260;0.9781
50415;0.9809
50515;0.9796
50615;0.9757
50715;0.982
50815;0.9791
50917;0.9761
51017;0.9773
51122;0.9759
51222;0.9802
51322;0.9726
51422;0.9823
51522;0.9797
51629;0.9798
51729;0.9779
51850;0.9749
51950;0.9786
52050;0.9817
52150;0.9781
52250;0.9563
52350;0.9824
52450;0.9794
52550;0.9816
52658;0.9815
52758;0.985
52858;0.9832
52958;0.9784
53087;0.9865
53187;0.9798
53287;0.9792
53387;0.9839
53487;0.9847
53587;0.9865
53704;0.9869
53804;0.9865
53913;0.9832
54028;0.9855
54133;0.9891
54260;0.9802
54360;0.989
54460;0.9879
54560;0.9888
54660;0.9887
54760;0.988
54860;0.9876
54960;0.9877
55082;0.9884
55182;0.9872
55282;0.9887
55382;0.9884
55482;0.9876
55582;0.9892
55707;0.9886
55821;0.9886
55921;0.9884
56021;0.986
56128;0.9878
56288;0.9854
56388;0.9829
56514;0.9759
56625;0.9855
56737;0.9849
56837;0.9837
56937;0.9892
57068;0.9883
57168;0.988
57268;0.99
57368;0.9798
57468;0.9886
57568;0.9629
57685;0.9909
57785;0.9887
57925;0.989
58042;0.9916
58142;0.9913
58290;0.9917
58390;0.9921
58505;0.9922
58605;0.99
58718;0.9918
58825;0.9908
58925;0.9916
59025;0.9915
59141;0.9916
59242;0.9924
59368;0.9913
59468;0.9869
59568;0.9893
59668;0.986
59768;0.9854
59887;0.9892
59987;0.9914
60097;0.9903
60213;0.9872
60313;0.9873
60413;0.9884
60513;0.9879
60644;0.9896
60744;0.9911
60848;0.9913
60948;0.9904
61048;0.9891
61170;0.9793
61285;0.9844
61385;0.9848
61488;0.9897
61588;0.9904
61688;0.9832
61788;0.9558
445855;FOUND
