10100;START
10100;0.8871
10200;0.8871
10300;0.8871
10400;0.8871
10500;0.8871
10600;0.8871
10700;0.8871
10800;0.8871
10917;0.8871
11017;0.8871
11154;0.8871
11267;0.8871
11367;0.8871
11470;0.8871
11588;0.8871
11688;0.8871
11811;0.8871
11911;0.8871
12043;0.8871
12188;0.8871
12316;0.8871
12416;0.8871
12525;0.8871
12625;0.8871
12725;0.8871
12825;0.8871
12925;0.8871
13025;0.8871
13125;0.8871
13225;0.8872
13330;0.8871
13459;0.8871
13559;0.8871
13659;0.8871
13759;0.8936
13866;0.9102
13966;0.888
14066;0.911
14179;0.8935
14279;0.9083
14379;0.9054
14479;0.9137
14579;0.9151
14774;0.9171
14874;0.9141
14978;0.9175
15078;0.9219
15178;0.9117
15278;0.9257
15378;0.9322
15478;0.9307
15578;0.9335
15716;0.9349
15816;0.931
15916;0.9387
16016;0.932
16128;0.9357
16291;0.9387
16406;0.9425
16506;0.941
16636;0.9416
16736;0.939
16836;0.9402
16936;0.9416
17067;0.9447
17167;0.9478
17267;0.9475
17367;0.9445
17467;0.9468
17596;0.9479
17700;0.9485
17826;0.9454
17961;0.9502
18061;0.9378
18209;0.9419
18340;0.9396
18440;0.9453
18540;0.9357
18640;0.9433
18749;0.9472
18855;0.9474
18957;0.947
19057;0.9464
19182;0.9439
19282;0.9496
19420;0.9487
19520;0.9477
19620;0.9485
19720;0.946
19822;0.9445
19922;0.9405
20022;0.9487
20122;0.9492
20222;0.9447
20334;0.9504
20435;0.9504
20535;0.9489
20647;0.9511
20747;0.9463
20847;0.9518
20947;0.9522
21065;0.9488
21165;0.9494
21312;0.9498
21426;0.9531
21533;0.9515
21650;0.9509
21750;0.952
21893;0.9515
21993;0.9531
22093;0.9536
22194;0.9492
22319;0.9475
22419;0.9527
22519;0.9546
22619;0.9497
22719;0.9522
22819;0.9531
22919;0.9494
23019;0.9542
23119;0.954
23219;0.9521
23319;0.9541
23459;0.9384
23559;0.9465
23659;0.9478
23768;0.9479
23868;0.9508
23968;0.9495
24068;0.9467
24168;0.9559
24268;0.9522
24368;0.9589
24468;0.9569
24598;0.9536
24698;0.9567
24802;0.9553
24902;0.9572
25002;0.9533
25102;0.9546
25202;0.9615
25388;0.9449
25488;0.9585
25593;0.9638
25693;0.946
25793;0.9633
25904;0.958
26004;0.9666
26104;0.9693
26204;0.9698
26304;0.9703
26423;0.9709
26523;0.9697
26623;0.9681
26740;0.9699
26840;0.9687
26961;0.9681
27061;0.9652
27161;0.9689
27261;0.9713
27361;0.9739
27461;0.9718
27561;0.9723
27661;0.9733
27817;0.9697
28000;0.969
28100;0.9742
28200;0.9722
28300;0.9733
28404;0.9742
28544;0.9739
28644;0.9739
28744;0.9667
28853;0.9751
28953;0.9732
29053;0.9754
29182;0.9749
29282;0.9691
29382;0.9752
29483;0.9703
29583;0.9714
29683;0.9711
29783;0.9756
29883;0.9741
29983;0.976
30151;0.9609
30257;0.9719
30357;0.9739
30464;0.9726
30564;0.9734
30724;0.9768
30866;0.9766
30966;0.9761
31066;0.9615
31166;0.9616
31277;0.9726
31377;0.9744
31477;0.9604
31577;0.9724
31716;0.9728
31816;0.9732
31929;0.9704
32029;0.9728
32177;0.9711
32277;0.9705
32377;0.9632
32517;0.9765
32632;0.9786
32763;0.9786
32863;0.9643
32963;0.9795
33063;0.9795
33180;0.9796
33280;0.9778
33380;0.9799
33493;0.9805
33604;0.9802
33704;0.9808
33804;0.9818
33904;0.9818
34004;0.9807
34104;0.9794
34204;0.9762
34371;0.9834
34471;0.9843
34611;0.9832
34711;0.9839
34811;0.9852
34921;0.9848
35021;0.9806
35121;0.9821
35221;0.9805
35321;0.9763
35421;0.9783
35521;0.9826
35635;0.9821
35735;0.9822
35835;0.9834
35935;0.9829
36044;0.9851
36144;0.974
36244;0.9736
36356;0.9757
36498;0.977
36609;0.9789
36709;0.9862
36809;0.986
36930;0.988
37030;0.9894
37141;0.9895
37241;0.9885
37341;0.9876
37441;0.9875
37541;0.9879
37641;0.9882
37741;0.9891
37841;0.9889
37941;0.9882
38041;0.9862
38141;0.9874
38280;0.9898
38380;0.9889
38480;0.9877
38580;0.9877
38733;0.9902
38833;0.9891
38933;0.9881
39033;0.9905
39133;0.991
39233;0.9911
39333;0.987
39483;0.9877
39583;0.9876
39683;0.9898
39792;0.9892
39895;0.9911
39995;0.991
40095;0.9912
40195;0.9911
40295;0.9887
40403;0.9896
40517;0.9813
40617;0.9794
40717;0.9813
40878;0.9852
40978;0.9897
41078;0.9901
41178;0.9905
41286;0.9906
41386;0.9907
41513;0.9901
41613;0.9889
41713;0.9862
41813;0.9891
41913;0.9888
42013;0.9883
42113;0.9886
42278;0.9864
42378;0.9867
42478;0.9868
42578;0.9877
42678;0.9884
42778;0.9891
42881;0.9908
42981;0.991
43081;0.991
43181;0.9906
43281;0.9902
43381;0.9901
43488;0.9901
43588;0.9902
43712;0.9903
43823;0.9902
43923;0.9902
44023;0.9886
44123;0.9897
44263;0.9901
44363;0.989
44497;0.9915
44614;0.9896
44726;0.9887
44826;0.9885
44926;0.9912
45026;0.9916
45126;0.9915
45242;0.9917
45351;0.9917
45457;0.9916
45625;0.9917
45729;0.9917
45843;0.9917
45951;0.9917
46051;0.9916
46151;0.9916
46251;0.991
46357;0.9904
46457;0.9907
46557;0.9916
46657;0.9915
46757;0.9916
46862;0.9916
47001;0.9916
47117;0.9916
47217;0.9916
47317;0.9916
47417;0.9916
47517;0.9916
47617;0.9916
47717;0.991
47817;0.9909
47917;0.9912
48023;0.9914
48123;0.9916
48224;0.9913
48324;0.9911
48424;0.978
48524;0.9912
48624;0.9909
48729;0.9906
48829;0.9905
48947;0.9909
49047;0.9911
49187;0.991
49287;0.9913
49387;0.9913
49487;0.9909
49685;0.9904
49807;0.9901
49907;0.9914
50059;0.9884
50197;0.9836
50318;0.9917
50429;0.9906
50578;0.9906
50678;0.9905
50778;0.9901
50878;0.9909
50978;0.9916
51078;0.9916
51178;0.9915
51278;0.9918
51378;0.9914
51478;0.9911
51578;0.9911
51678;0.991
51797;0.9916
51918;0.992
52018;0.9915
52123;0.9917
52223;0.9918
52323;0.9917
52463;0.9917
52563;0.9919
52663;0.9918
52788;0.9917
52893;0.9917
52993;0.9918
53093;0.9918
53193;0.9913
53293;0.9919
53393;0.9919
53507;0.9919
53667;0.992
53767;0.9913
53870;0.9862
53992;0.9909
54122;0.9917
54224;0.9917
54324;0.9914
408885;FOUND
