10100;START
10100;0.8925
10202;0.8925
10302;0.8925
10402;0.8925
10502;0.8925
10602;0.8925
10702;0.8925
10818;0.8925
10925;0.8925
11025;0.8925
11125;0.8925
11258;0.8925
11358;0.8925
11463;0.8925
11599;0.8925
11699;0.8925
11799;0.8925
11899;0.8925
11999;0.8925
12099;0.8925
12204;0.8925
12304;0.8925
12404;0.8935
12504;0.9082
12637;0.9049
12745;0.902
12845;0.8868
12945;0.8863
13066;0.9118
13169;0.9118
13269;0.9171
13374;0.9093
13484;0.9167
13584;0.9187
13710;0.9174
13835;0.9151
13935;0.9151
14048;0.9182
14174;0.907
14274;0.9224
14382;0.9213
14482;0.9254
14582;0.9257
14682;0.9279
14791;0.9281
14891;0.9337
14997;0.9349
15097;0.9338
15197;0.9361
15305;0.9373
15405;0.9411
15505;0.9373
15611;0.9385
15769;0.9296
15869;0.9322
15969;0.9394
16069;0.9402
16169;0.9431
16269;0.9465
16369;0.9289
16477;0.9415
16577;0.9432
16677;0.9469
16815;0.9463
16915;0.9489
17015;0.949
17116;0.9472
17217;0.9432
17341;0.9502
17441;0.9442
17541;0.9461
17641;0.9474
17749;0.9522
17849;0.9522
17949;0.9503
18091;0.9521
18191;0.9513
18291;0.9493
18391;0.9473
18491;0.9474
18591;0.945
18691;0.9463
18860;0.9457
18960;0.948
19060;0.9527
19182;0.9544
19282;0.9561
19382;0.9529
19496;0.9539
19621;0.9523
19721;0.9523
19832;0.9504
19932;0.9447
20032;0.9472
20132;0.9527
20232;0.9498
20345;0.9531
20445;0.9534
20545;0.9547
20645;0.9551
20745;0.9554
20846;0.9561
20954;0.9537
21054;0.9503
21174;0.9524
21274;0.9526
21374;0.9566
21474;0.9554
21574;0.9559
21674;0.9549
21774;0.9562
21874;0.9524
21974;0.9544
22074;0.9503
22174;0.9453
22282;0.9505
22382;0.95
22496;0.9585
22596;0.9597
22721;0.9528
22821;0.9565
22933;0.9619
23033;0.9172
23133;0.9592
23233;0.9632
23333;0.9601
23433;0.9595
23533;0.9584
23633;0.9682
23733;0.9703
23833;0.9699
23933;0.9693
24033;0.9608
24133;0.9738
24233;0.9607
24333;0.9732
24448;0.9689
24552;0.9751
24677;0.971
24777;0.972
24877;0.9661
25024;0.9749
25131;0.9749
25231;0.9751
25331;0.9761
25431;0.9763
25531;0.977
25631;0.9771
25751;0.9755
25867;0.9761
25967;0.9726
26067;0.9744
26169;0.9725
26269;0.9761
26369;0.9763
26469;0.9765
26569;0.9593
26707;0.9766
26807;0.9699
26907;0.9749
27007;0.9678
27148;0.9755
27248;0.9782
27348;0.979
27468;0.9723
27568;0.9786
27668;0.9755
27768;0.9783
27868;0.9758
27968;0.9777
28068;0.9774
28168;0.9752
28283;0.9792
28383;0.9785
28498;0.9756
28600;0.9794
28702;0.979
28802;0.9792
28911;0.9801
29011;0.9805
29111;0.9804
29245;0.9805
29345;0.9801
29472;0.9775
29585;0.9802
29685;0.9779
29785;0.9809
29885;0.9794
30066;0.9778
30166;0.9765
30266;0.9724
30366;0.9767
30514;0.9728
30633;0.9799
30740;0.9796
30840;0.9813
30946;0.9807
31072;0.9796
31196;0.9832
31296;0.9827
31396;0.9812
31542;0.9837
31643;0.9846
31743;0.9845
31890;0.9839
32043;0.9832
32143;0.9824
32243;0.9843
32358;0.9864
32458;0.9817
32558;0.9825
32682;0.9837
32791;0.9851
32891;0.9857
32991;0.974
33091;0.9876
33191;0.9856
33291;0.9894
33391;0.9814
33491;0.9891
33591;0.9851
33691;0.9837
33791;0.9854
33891;0.9851
33991;0.9852
34136;0.9874
34236;0.9891
34336;0.9738
34436;0.9877
34536;0.9906
34636;0.9893
34736;0.9903
34837;0.9906
34937;0.9909
35037;0.9908
35137;0.9909
35237;0.9911
35353;0.9918
35453;0.9918
35621;0.9866
35733;0.9801
35849;0.9881
35996;0.989
36096;0.9899
36197;0.9912
36311;0.9897
36411;0.9908
36511;0.9905
36611;0.9914
36711;0.9911
36818;0.9909
36925;0.991
37025;0.991
37125;0.9923
37225;0.9925
37347;0.9926
37447;0.9924
37586;0.9924
37686;0.9929
37819;0.9931
37919;0.9931
38039;0.9928
38139;0.9928
38274;0.9929
38374;0.9932
38474;0.993
38574;0.993
38688;0.9926
38807;0.9931
38907;0.9926
39007;0.9859
39136;0.9877
39236;0.9927
39336;0.992
39487;0.9926
39609;0.9927
39720;0.9927
39820;0.9927
39920;0.9927
40020;0.9903
40134;0.9905
40257;0.9918
40373;0.9919
40485;0.9921
40591;0.9922
40691;0.9833
40799;0.9799
40899;0.9881
41024;0.986
41124;0.9888
41252;0.9874
41374;0.987
41474;0.9863
41574;0.987
41674;0.9799
41774;0.9841
41874;0.9845
41974;0.9798
42074;0.9829
42174;0.9869
42274;0.991
42386;0.9917
42505;0.9918
42605;0.9917
42705;0.9915
42805;0.9915
42905;0.9915
43005;0.9889
43105;0.9897
43225;0.9924
43325;0.9914
43425;0.9908
43546;0.9884
43646;0.9911
43746;0.9903
43846;0.9883
43958;0.9911
44064;0.9923
44164;0.9921
44313;0.9923
44413;0.9925
44513;0.9927
44613;0.9927
44713;0.9927
44813;0.9845
44913;0.9915
45013;0.9915
45113;0.9914
45213;0.9911
45313;0.9912
45439;0.9901
45563;0.9904
45675;0.9916
45775;0.9904
45875;0.9886
46004;0.989
46104;0.9912
46204;0.9904
46308;0.9912
46408;0.9897
46508;0.9886
46623;0.9902
46723;0.9869
72024;FOUND
