10100;START
10100;0.8918
10200;0.8918
10307;0.8918
10407;0.8918
10507;0.8918
10607;0.8918
10708;0.8918
10808;0.8918
10917;0.8918
11017;0.8918
11136;0.8918
11253;0.8918
11353;0.8918
11453;0.8918
11563;0.8918
11663;0.8918
11765;0.8918
11865;0.8918
11965;0.8918
12065;0.8912
12165;0.8893
12276;0.892
12376;0.8965
12476;0.9072
12576;0.9056
12714;0.9063
12820;0.9065
12920;0.8902
13070;0.9037
13171;0.9116
13271;0.9172
13371;0.9199
13471;0.9181
13571;0.9243
13671;0.9201
13800;0.9171
13925;0.9248
14033;0.9186
14191;0.9147
14291;0.9289
14391;0.9248
14524;0.9272
14624;0.9269
14724;0.9235
14824;0.9021
14932;0.9285
15072;0.9286
15172;0.9249
15272;0.9358
15372;0.9412
15472;0.9225
15572;0.9435
15705;0.9426
15805;0.9491
15905;0.9477
16045;0.9475
16149;0.9484
16249;0.95
16432;0.9479
16561;0.9487
16661;0.9463
16826;0.9461
16926;0.9277
17026;0.9487
17162;0.948
17265;0.9463
17365;0.9481
17480;0.9499
17582;0.9524
17682;0.9526
17782;0.9505
17882;0.9518
17982;0.951
18082;0.9535
18183;0.953
18283;0.9437
18383;0.9535
18483;0.9537
18583;0.9549
18760;0.9549
18905;0.957
19008;0.9471
19128;0.9416
19228;0.9489
19328;0.9554
19428;0.9565
19528;0.954
19628;0.9544
19728;0.9509
19858;0.9515
19965;0.9501
20076;0.9575
20176;0.9554
20276;0.9583
20429;0.9572
20534;0.957
20652;0.9585
20779;0.9576
20888;0.9565
20988;0.9546
21088;0.9545
21206;0.9566
21324;0.9582
21424;0.9501
21524;0.9559
21624;0.9563
21758;0.9569
21858;0.956
21958;0.9536
22077;0.9565
22183;0.9589
22283;0.9422
22383;0.9585
22499;0.9586
22606;0.9523
22742;0.9562
22842;0.9552
22942;0.9575
23042;0.9568
23142;0.9628
23242;0.953
23342;0.9547
23442;0.9614
23548;0.9584
23656;0.9548
23774;0.9586
23874;0.9625
23997;0.9633
24097;0.9633
24210;0.9629
24310;0.9497
24431;0.9555
24531;0.9602
24631;0.9551
24731;0.957
24831;0.9645
24956;0.9647
25057;0.9637
25157;0.9648
25257;0.9645
25357;0.9657
25457;0.9676
25573;0.9633
25682;0.9662
25782;0.9431
25929;0.9591
26054;0.9628
26154;0.962
26254;0.9616
26354;0.9712
26481;0.9706
26589;0.9708
26689;0.9676
26789;0.9679
26898;0.9704
26998;0.9742
27098;0.9685
27212;0.9735
27350;0.9731
27450;0.9702
27557;0.9686
27657;0.9758
27757;0.9798
27867;0.9815
27967;0.9822
28067;0.9776
28167;0.983
28267;0.9816
28367;0.9829
28467;0.982
28608;0.9852
28764;0.9841
28919;0.9845
29019;0.9575
29119;0.9842
29219;0.9792
29319;0.9787
29462;0.9788
29562;0.985
29662;0.9844
29762;0.9855
29880;0.9856
29980;0.9846
30080;0.9888
30218;0.9876
30318;0.9876
30423;0.9853
30523;0.9888
30623;0.9839
30723;0.9856
30830;0.9789
30970;0.9813
31070;0.9825
31170;0.985
31270;0.9893
31378;0.9877
31478;0.987
31578;0.9904
31678;0.9905
31778;0.9883
31903;0.987
32017;0.9896
32135;0.9881
32235;0.9845
32335;0.9869
32452;0.9832
32577;0.982
32756;0.9851
32903;0.9864
33003;0.984
33103;0.9836
33229;0.9723
33329;0.9901
33429;0.9865
33529;0.9893
33629;0.9883
33729;0.9882
33845;0.9889
33945;0.9892
34045;0.9894
34146;0.9866
34308;0.9847
34408;0.9844
34508;0.9896
34608;0.9905
34708;0.9901
34823;0.9906
34949;0.9866
35049;0.9887
35149;0.9897
35249;0.9898
35365;0.9898
35465;0.9896
35568;0.9895
35668;0.9896
35768;0.9896
35868;0.9896
35968;0.99
36068;0.9903
36168;0.9848
36268;0.988
36378;0.9882
36478;0.9888
36583;0.989
36683;0.9891
36783;0.9911
36883;0.9915
36983;0.9916
37083;0.9931
37183;0.9924
37309;0.9888
37413;0.9882
37513;0.9912
37613;0.9919
37713;0.992
37813;0.9922
37913;0.9923
38013;0.9923
38113;0.9923
38213;0.9922
38313;0.9923
38439;0.9924
38539;0.9925
38697;0.9921
38812;0.9918
38912;0.9922
39025;0.9922
39125;0.9926
39225;0.9927
39350;0.9927
39450;0.9928
39550;0.9928
39650;0.9929
39750;0.9929
39850;0.9929
39950;0.9929
40050;0.9926
40156;0.9924
40256;0.9925
40356;0.9924
40457;0.9922
40557;0.9924
40700;0.9922
40800;0.9926
40920;0.9924
41027;0.9883
41127;0.9921
41228;0.9883
41341;0.9931
41441;0.9929
41541;0.9929
41641;0.9929
41741;0.9929
41843;0.9929
41943;0.9925
42069;0.9925
42169;0.9926
42269;0.9926
42369;0.9904
42469;0.9842
42569;0.9909
42669;0.9931
42794;0.991
42925;0.988
43025;0.9904
43125;0.9921
43256;0.9926
43356;0.991
43456;0.9888
43556;0.9908
43656;0.9927
43756;0.9819
43856;0.9803
43995;0.9868
44095;0.9884
44195;0.9927
44295;0.9927
44395;0.9927
44502;0.9928
44609;0.9928
44709;0.9926
44809;0.9926
44909;0.9928
45009;0.9927
45109;0.9926
45209;0.9924
45322;0.9927
45422;0.9912
45522;0.993
45622;0.9928
45736;0.9924
45836;0.9925
45936;0.9888
46088;0.9925
46188;0.9924
46288;0.9923
46388;0.9921
46532;0.9926
46632;0.9905
46742;0.9916
46842;0.9921
46942;0.9913
47042;0.9914
96283;FOUND
