10100;START
10100;0.8886
10200;0.8886
10300;0.8886
10400;0.8886
10500;0.8886
10600;0.8886
10714;0.8886
10819;0.8886
10919;0.8886
11062;0.8886
11162;0.8886
11262;0.8886
11362;0.8886
11462;0.8886
11562;0.8886
11662;0.8886
11762;0.8886
11862;0.8886
11962;0.8886
12062;0.8886
12188;0.8886
12303;0.8886
12435;0.8886
12535;0.8886
12635;0.8886
12735;0.8886
12835;0.8886
12961;0.8898
13076;0.9029
13176;0.9033
13276;0.9053
13376;0.9102
13476;0.9139
13622;0.9131
13722;0.9141
13822;0.9195
13922;0.9183
14022;0.9199
14122;0.9197
14222;0.9182
14322;0.9173
14422;0.9181
14522;0.9159
14622;0.9198
14722;0.9197
14822;0.9182
14925;0.921
15025;0.9238
15125;0.9269
15225;0.9169
15325;0.925
15428;0.9222
15528;0.9247
15628;0.8939
15728;0.9257
15828;0.9283
15951;0.9277
16051;0.9299
16241;0.9275
16341;0.9372
16457;0.9433
16557;0.9432
16657;0.94
16816;0.9354
16932;0.9417
17032;0.9344
17132;0.9408
17232;0.9408
17332;0.9337
17432;0.9312
17532;0.941
17632;0.9484
17740;0.9489
17883;0.9438
17983;0.9482
18083;0.9472
18183;0.9465
18308;0.9493
18408;0.9453
18512;0.9529
18612;0.9542
18712;0.9536
18840;0.9536
18940;0.9572
19043;0.9555
19143;0.9558
19243;0.9541
19343;0.9529
19481;0.9571
19581;0.9579
19681;0.9572
19801;0.9571
19914;0.9563
20014;0.9414
20127;0.9599
20264;0.957
20364;0.9574
20464;0.9568
20564;0.9578
20664;0.9598
20787;0.958
20887;0.9543
20987;0.9598
21087;0.9334
21187;0.9572
21287;0.9495
21387;0.9516
21525;0.9562
21625;0.9536
21725;0.9405
21825;0.9518
21925;0.9581
22070;0.96
22209;0.9536
22309;0.9623
22409;0.9627
22509;0.9629
22609;0.9632
22751;0.9639
22854;0.9698
22963;0.9658
23068;0.9673
23214;0.9687
23368;0.9611
23468;0.9645
23568;0.9566
23713;0.9645
23813;0.9638
23913;0.9664
24013;0.9671
24113;0.9715
24213;0.9652
24313;0.9717
24413;0.9684
24539;0.9708
24639;0.9749
24739;0.977
24849;0.9705
24958;0.9694
25058;0.975
25200;0.9673
25300;0.9796
25400;0.9696
25500;0.9771
25600;0.9774
25702;0.9678
25802;0.9784
25902;0.9778
26002;0.9776
26102;0.9773
26202;0.9794
26302;0.9434
26422;0.9716
26522;0.969
26622;0.9804
26722;0.9706
26873;0.9817
26973;0.9827
27090;0.9829
27206;0.9835
27321;0.9834
27437;0.982
27537;0.9752
27637;0.9853
27757;0.9847
27857;0.9851
27957;0.9851
28057;0.9851
28157;0.9863
28276;0.9855
28376;0.9833
28476;0.985
28576;0.9803
28676;0.9862
28776;0.9847
28876;0.9853
28976;0.9723
29090;0.9882
29190;0.9875
29327;0.9878
29427;0.9864
29527;0.9852
29627;0.9864
29727;0.9857
29827;0.9866
29927;0.9865
30027;0.9857
30139;0.9884
30239;0.9883
30339;0.9887
30439;0.9885
30542;0.9857
30674;0.9894
30834;0.9756
30934;0.983
31034;0.9851
31134;0.9844
31234;0.9852
31334;0.9863
31443;0.987
31543;0.9873
31643;0.9896
31754;0.9881
31862;0.9894
31962;0.9881
32062;0.9873
32162;0.9892
32262;0.988
32362;0.9857
32480;0.9885
32580;0.9877
32680;0.9874
32780;0.9853
32880;0.9881
32980;0.9827
33080;0.9903
33186;0.9873
33292;0.9886
33394;0.9886
33494;0.9846
33594;0.9749
33694;0.9799
33811;0.9869
33911;0.9886
34029;0.9854
34136;0.9864
34236;0.9777
34336;0.9881
34436;0.9879
34604;0.989
34704;0.9876
34804;0.9882
34905;0.9898
35032;0.9911
35132;0.9901
35252;0.9907
35352;0.9911
35460;0.9914
35560;0.9909
35660;0.9907
35763;0.9909
35863;0.9906
35963;0.9905
36070;0.9904
36192;0.9899
36292;0.9906
36392;0.9883
36492;0.9851
36592;0.989
36692;0.99
36820;0.9918
36920;0.9917
37020;0.9918
37120;0.9918
37226;0.9918
37326;0.9916
37440;0.9916
37568;0.9907
37672;0.9912
37772;0.9901
37872;0.9909
37982;0.9857
38092;0.9888
38192;0.991
38296;0.9899
38396;0.9774
38506;0.9898
38606;0.9874
38710;0.9898
38810;0.9902
38919;0.9909
39019;0.9911
39119;0.9914
39219;0.9909
39362;0.9907
39462;0.9903
39567;0.9905
39784;0.9922
39884;0.9923
39984;0.989
40108;0.9827
40208;0.9851
40308;0.9885
40408;0.9898
40508;0.9899
40622;0.9898
40722;0.9901
40822;0.9904
40922;0.9907
41029;0.9918
41129;0.9918
41255;0.9916
41355;0.9917
41455;0.9916
41555;0.9918
41655;0.9918
41755;0.9919
41855;0.9919
41957;0.9919
42057;0.99
42157;0.9888
42257;0.9862
42357;0.9887
42457;0.9906
42557;0.991
42660;0.9918
42760;0.9919
42860;0.9919
42960;0.9922
43060;0.9917
43171;0.9914
43271;0.9914
43372;0.9916
43472;0.9918
43572;0.9917
43672;0.9888
43772;0.9782
43872;0.9848
43972;0.9904
44072;0.9916
44172;0.9917
44272;0.99
44372;0.9911
44472;0.9913
44572;0.9895
44672;0.9916
44779;0.9914
44879;0.9915
44992;0.9915
45092;0.9824
45192;0.9845
45292;0.9778
45392;0.9899
45548;0.9866
45648;0.9811
45748;0.9905
45848;0.9895
45990;0.9848
46098;0.9854
46198;0.9887
46298;0.9898
46398;0.9904
46498;0.9907
46598;0.989
46776;0.9909
46876;0.9911
46976;0.9882
47085;0.9903
47185;0.9916
47311;0.9915
47411;0.9914
47511;0.9914
47611;0.9915
47711;0.9915
47811;0.9915
47911;0.9914
48011;0.9834
48111;0.983
54980;FOUND
