10100;START
10100;0.8894
10200;0.8894
10300;0.8894
10400;0.8894
10500;0.8894
10600;0.8894
10700;0.8894
10800;0.8894
10900;0.8894
11000;0.8894
11100;0.8894
11242;0.8894
11342;0.8894
11447;0.8894
11547;0.8894
11647;0.8894
11747;0.8894
11856;0.8894
11956;0.8894
12056;0.8894
12156;0.8894
12256;0.8894
12356;0.8894
12456;0.8894
12556;0.8894
12675;0.8894
12788;0.8894
12961;0.8894
13061;0.8894
13198;0.8901
13322;0.9061
13457;0.8998
13557;0.9073
13657;0.9062
13757;0.9084
13857;0.91
13957;0.9102
14083;0.908
14209;0.9039
14309;0.9116
14409;0.9167
14509;0.9115
14632;0.916
14732;0.9124
14832;0.8886
14963;0.9129
15063;0.909
15163;0.9226
15263;0.9194
15391;0.9264
15507;0.9254
15607;0.9265
15707;0.9271
15807;0.9298
15907;0.9191
16055;0.9289
16175;0.9303
16275;0.9345
16375;0.9312
16475;0.9313
16578;0.9351
16678;0.9406
16778;0.9461
16884;0.9478
16985;0.9424
17085;0.9428
17188;0.9452
17332;0.9456
17432;0.9425
17532;0.9437
17632;0.9438
17732;0.9486
17832;0.9466
17953;0.9498
18069;0.9462
18169;0.9504
18308;0.9562
18408;0.9595
18553;0.9562
18670;0.954
18775;0.9535
18875;0.9608
18975;0.9586
19075;0.9493
19175;0.9584
19277;0.9609
19377;0.9595
19477;0.9639
19577;0.9604
19692;0.9607
19792;0.9558
19892;0.9531
19992;0.9634
20092;0.9499
20192;0.9685
20317;0.9628
20417;0.9648
20517;0.9665
20617;0.9564
20748;0.9655
20848;0.9701
20959;0.9688
21077;0.9675
21177;0.9699
21299;0.9674
21399;0.9718
21499;0.9704
21599;0.9721
21707;0.9719
21807;0.9687
21907;0.9728
22007;0.9703
22107;0.9722
22207;0.9728
22307;0.9743
22407;0.9732
22508;0.9694
22608;0.9693
22708;0.9752
22813;0.9732
22913;0.975
23013;0.9678
23113;0.973
23213;0.9704
23313;0.9683
23413;0.9681
23529;0.968
23629;0.9712
23737;0.9744
23837;0.9746
23937;0.9746
24037;0.9739
24137;0.975
24246;0.95
24346;0.9719
24493;0.9687
24593;0.9482
24693;0.9657
24808;0.9675
24908;0.968
25008;0.969
25108;0.9713
25208;0.9744
25308;0.9639
25448;0.9748
25553;0.9789
25653;0.9782
25753;0.9773
25853;0.9769
25955;0.9772
26055;0.9752
26155;0.9743
26255;0.9744
26355;0.9779
26455;0.978
26556;0.978
26700;0.9783
26800;0.979
26900;0.9792
27000;0.9791
27100;0.9792
27244;0.9793
27344;0.9794
27444;0.9791
27596;0.9792
27696;0.9773
27796;0.9769
27929;0.9764
28029;0.9757
28129;0.9774
28229;0.9796
28363;0.9791
28463;0.9792
28563;0.9792
28663;0.9794
28763;0.9797
28863;0.9782
28963;0.9774
29069;0.9779
29169;0.9791
29269;0.9789
29369;0.9784
29507;0.9791
29607;0.9792
29707;0.9791
29807;0.9792
29907;0.9792
30007;0.9792
30107;0.979
30222;0.9794
30326;0.9798
30458;0.9792
30558;0.9799
30658;0.9786
30758;0.9793
30858;0.9798
30958;0.9792
31058;0.9792
31158;0.9786
31267;0.9796
31403;0.9798
31506;0.9796
31610;0.9789
31710;0.9794
31829;0.9797
31929;0.9799
32029;0.9795
32129;0.9793
32275;0.9793
32435;0.9793
32535;0.9791
32635;0.9792
32735;0.9776
32836;0.9803
32942;0.9793
33042;0.9799
33161;0.9796
33261;0.9799
33371;0.9793
33471;0.9716
33571;0.9769
33671;0.9719
33783;0.9762
33883;0.973
33983;0.9748
34083;0.976
34183;0.9752
34283;0.9769
34385;0.9675
34512;0.9642
34612;0.9764
34712;0.9656
34812;0.9727
34930;0.9688
76853;FOUND
