10130;START
10130;0.8987
10230;0.8987
10330;0.8987
10430;0.8987
10533;0.8987
10642;0.8987
10742;0.8987
10842;0.8987
10942;0.8987
11042;0.8987
11142;0.8987
11247;0.8987
11365;0.8987
11489;0.8987
11589;0.8987
11689;0.8987
11800;0.8987
11900;0.8987
12000;0.8987
12109;0.8989
12227;0.9132
12372;0.9152
12477;0.9147
12577;0.9153
12677;0.9161
12787;0.9108
12887;0.9145
12987;0.8935
13087;0.9052
13224;0.9093
13324;0.9228
13465;0.9226
13569;0.9249
13699;0.924
13799;0.9231
13899;0.9213
13999;0.9183
14099;0.9248
14199;0.8809
14299;0.9254
14399;0.9194
14499;0.9342
14599;0.9215
14728;0.9378
14828;0.9378
14932;0.9436
15032;0.9443
15132;0.9394
15328;0.9421
15428;0.946
15591;0.949
15691;0.9497
15792;0.9497
15921;0.9497
16024;0.9432
16124;0.9506
16224;0.948
16324;0.9458
16424;0.9509
16524;0.9482
16624;0.9494
16738;0.9531
16858;0.9527
16958;0.9555
17058;0.9552
17175;0.9475
17275;0.9555
17375;0.9564
17496;0.9551
17596;0.9559
17696;0.9522
17811;0.9438
17911;0.9478
18011;0.9503
18111;0.9527
18213;0.9541
18313;0.9547
18418;0.9558
18518;0.9545
18627;0.9535
18748;0.9563
18848;0.9579
18948;0.9602
19048;0.955
19156;0.9598
19256;0.9586
19356;0.9559
19456;0.9599
19556;0.958
19656;0.9584
19770;0.9598
19870;0.961
19970;0.9588
20070;0.959
20170;0.9608
20270;0.961
20370;0.9613
20470;0.9596
20577;0.9513
20689;0.9535
20789;0.9481
20889;0.9542
20989;0.9494
21105;0.9619
21205;0.9611
21323;0.9644
21423;0.962
21529;0.9606
21629;0.9577
21729;0.956
21834;0.9542
21954;0.9612
22054;0.9634
22227;0.9589
22393;0.9639
22508;0.9608
22634;0.9647
22734;0.9617
22834;0.9529
22937;0.9626
23037;0.9623
23189;0.9656
23327;0.9679
23474;0.9675
23606;0.9682
23728;0.9676
23860;0.9711
23960;0.9651
24060;0.9612
24160;0.9694
24271;0.9672
24371;0.9682
24518;0.9682
24618;0.966
24726;0.9651
24826;0.9683
24926;0.9711
25026;0.9703
25126;0.973
25242;0.9708
25342;0.9732
25442;0.9731
25542;0.9699
25642;0.9707
25742;0.9746
25854;0.9785
25984;0.9811
26084;0.9769
26184;0.9757
26291;0.9771
26404;0.9778
26504;0.9795
26604;0.9767
26715;0.9812
26815;0.9841
26915;0.9739
27015;0.9838
27132;0.9787
27232;0.9844
27332;0.9842
27432;0.9805
27532;0.9846
27632;0.9808
27732;0.9841
27832;0.9816
27946;0.9776
28046;0.9713
28146;0.9843
28266;0.9863
28412;0.9865
28512;0.9779
28672;0.986
28772;0.9885
28879;0.9881
29023;0.9873
29123;0.9832
29235;0.9865
29335;0.986
29443;0.9842
29567;0.9815
29667;0.9893
29767;0.989
29867;0.9888
29967;0.9892
30079;0.9884
30179;0.9879
30326;0.9892
30426;0.9887
30526;0.9908
30633;0.9915
30733;0.9914
30833;0.9914
30959;0.9922
31073;0.9919
31173;0.9905
31273;0.9902
31373;0.9908
31473;0.9918
31576;0.9928
31685;0.9921
31785;0.992
31904;0.9923
32025;0.991
32125;0.9904
32262;0.99
32362;0.9905
32474;0.991
32574;0.9931
32674;0.9932
32774;0.993
32901;0.9926
33001;0.9927
33101;0.9923
33209;0.991
33310;0.9834
33410;0.9856
33544;0.9912
33644;0.9924
33746;0.9921
33846;0.9927
33946;0.9921
34046;0.989
34146;0.9929
34246;0.9926
34346;0.9927
34446;0.9936
34580;0.9937
34680;0.9924
34780;0.9923
34880;0.9915
34980;0.9901
35080;0.9915
35180;0.9924
35280;0.9938
35380;0.9938
35480;0.9923
35580;0.9914
35680;0.9926
35780;0.9929
35880;0.9926
35980;0.9923
36096;0.9928
36196;0.9928
36296;0.993
36396;0.9911
36496;0.991
36596;0.9919
36710;0.9915
36810;0.9912
36910;0.9913
37010;0.9938
37137;0.9917
37237;0.9939
37348;0.9942
37448;0.994
37548;0.9941
37648;0.9936
37748;0.994
37848;0.994
37948;0.9938
38048;0.9928
38173;0.9937
38280;0.9942
38380;0.994
38495;0.9939
38595;0.993
38695;0.993
38799;0.9929
38908;0.993
39008;0.9932
39140;0.9935
39250;0.9936
39350;0.9936
39450;0.9937
39550;0.9937
39676;0.9937
39776;0.9937
39889;0.9933
40016;0.9935
40116;0.994
40216;0.994
40316;0.9941
40416;0.9943
40526;0.9912
40646;0.9913
40746;0.9935
40846;0.9942
41008;0.9937
41118;0.9941
41218;0.9937
41343;0.9936
41443;0.9935
41543;0.9938
41643;0.9935
41743;0.9932
41843;0.9933
41943;0.9935
42043;0.9944
42175;0.9889
42275;0.9933
42377;0.9939
42512;0.9939
42612;0.9936
42723;0.9939
42824;0.994
42924;0.9936
43024;0.9939
43131;0.994
43231;0.9941
43331;0.9941
43468;0.9941
43568;0.9939
43668;0.9938
43768;0.9938
43868;0.994
43968;0.9917
44068;0.9803
44184;0.9882
44357;0.9896
44496;0.9837
44616;0.9899
589069;FOUND
