10100;START
10100;0.89
10200;0.89
10300;0.89
10400;0.89
10500;0.89
10600;0.89
10700;0.89
10800;0.89
10900;0.89
11000;0.89
11100;0.89
11210;0.89
11345;0.89
11445;0.89
11545;0.89
11645;0.89
11745;0.89
11845;0.89
11949;0.89
12049;0.89
12149;0.89
12249;0.89
12349;0.89
12487;0.89
12587;0.8934
12687;0.9005
12787;0.9136
12887;0.9137
12987;0.915
13087;0.9095
13187;0.9017
13337;0.8945
13437;0.8944
13537;0.9147
13640;0.9057
13740;0.9099
13840;0.9175
13940;0.9183
14040;0.918
14142;0.9194
14248;0.9177
14348;0.8946
14474;0.9125
14621;0.9189
14721;0.922
14821;0.9082
14921;0.9181
15024;0.9261
15124;0.9156
15224;0.9268
15325;0.9287
15515;0.9249
15615;0.9315
15715;0.9364
15815;0.9316
15915;0.9299
16088;0.9314
16188;0.9304
16288;0.9345
16388;0.9399
16488;0.9122
16605;0.9357
16720;0.935
16820;0.939
16931;0.9432
17031;0.9506
17131;0.9494
17231;0.9496
17331;0.9494
17460;0.9487
17565;0.9451
17665;0.9393
17768;0.9417
17868;0.9431
17968;0.9512
18068;0.948
18207;0.9494
18307;0.9555
18407;0.9528
18507;0.9513
18621;0.9406
18721;0.9571
18821;0.9599
18921;0.9656
19021;0.9627
19123;0.9642
19246;0.9541
19377;0.9596
19477;0.9593
19577;0.9591
19677;0.9672
19777;0.9618
19877;0.9671
19977;0.9639
20125;0.9595
20256;0.966
20377;0.9702
20477;0.9557
20577;0.966
20677;0.9706
20784;0.9725
20895;0.9752
21010;0.9645
21110;0.9761
21210;0.9758
21318;0.9719
21418;0.9761
21518;0.9748
21618;0.9673
21718;0.9728
21818;0.9732
21943;0.9697
22045;0.9727
22176;0.9725
22279;0.9698
22396;0.9744
22496;0.9758
22596;0.9679
22696;0.9741
22796;0.9757
22896;0.9723
22996;0.9699
23100;0.9762
23200;0.976
23300;0.9757
23400;0.9754
23500;0.9766
23600;0.9765
23700;0.9767
23846;0.9775
23951;0.9774
24051;0.9769
24151;0.973
24329;0.9739
24429;0.9759
24529;0.9703
24629;0.9662
24729;0.9707
24829;0.9679
24929;0.972
25029;0.9716
25129;0.973
25229;0.971
25329;0.9724
25429;0.9738
25529;0.9739
25629;0.9728
25733;0.9704
25833;0.9607
25941;0.965
26041;0.972
26146;0.9727
26246;0.9773
26346;0.9734
26453;0.9717
26553;0.9686
26653;0.9729
26753;0.9758
26853;0.9731
26953;0.9755
27066;0.9732
27172;0.9753
27272;0.9755
27372;0.9756
27472;0.9689
27572;0.9504
27702;0.9729
27802;0.9263
27926;0.9743
28056;0.9665
28156;0.9733
28256;0.961
28359;0.9691
28459;0.9765
28572;0.9735
28687;0.9769
28787;0.9767
28916;0.9777
29016;0.9769
29116;0.9767
29216;0.9758
29316;0.9775
29416;0.978
29516;0.9783
29628;0.978
29728;0.9782
29828;0.978
29928;0.9781
30028;0.9633
30130;0.9704
30230;0.9761
30330;0.9775
30430;0.9761
30553;0.9723
30665;0.9748
30765;0.9759
30867;0.9764
30967;0.9762
31067;0.9733
31167;0.9744
31267;0.9714
31369;0.9774
31469;0.9786
31607;0.9773
31707;0.9782
31819;0.9798
31919;0.9778
32019;0.9753
32119;0.9749
32222;0.9767
32322;0.9793
32422;0.9805
32522;0.979
32622;0.9788
32722;0.9812
32822;0.9779
32922;0.9843
33031;0.9805
33131;0.9805
33231;0.9806
33331;0.9822
33462;0.986
33562;0.9866
33662;0.9808
33762;0.9838
33862;0.9872
33962;0.9842
34062;0.9808
34162;0.9887
34262;0.9726
34362;0.9877
34479;0.9821
34581;0.9885
34686;0.9891
34786;0.9901
34886;0.99
34986;0.9893
35086;0.9889
35186;0.9858
35286;0.9846
35409;0.984
35509;0.9894
35609;0.9895
35709;0.9882
35809;0.9836
35909;0.9888
36009;0.9899
36109;0.9903
36244;0.9905
36344;0.9904
36444;0.9904
36544;0.9903
36644;0.9907
36744;0.9905
36844;0.9889
36944;0.9863
37044;0.9873
37144;0.988
37244;0.9881
37344;0.9894
37444;0.9889
37544;0.9904
37644;0.9907
37744;0.9898
37844;0.9917
37974;0.991
38088;0.9905
38188;0.9904
38305;0.9901
38498;0.9906
38598;0.9918
38698;0.9914
38808;0.991
38920;0.9911
39020;0.992
39158;0.9914
39258;0.991
39359;0.991
39472;0.9908
39572;0.9903
39717;0.9904
39820;0.992
39920;0.9914
40020;0.99
40120;0.9903
40220;0.9917
40320;0.9908
40420;0.9905
40520;0.9916
40647;0.9917
40747;0.9917
40847;0.9915
40947;0.9914
41047;0.9917
41147;0.9915
41247;0.9915
41347;0.9919
41447;0.992
41547;0.9855
41647;0.957
41758;0.9891
41890;0.9847
41990;0.9922
42090;0.9909
42190;0.9916
42290;0.9914
42390;0.9912
42493;0.9921
42606;0.9921
42706;0.9921
42806;0.992
42916;0.9923
43016;0.9921
43116;0.9894
43225;0.9916
43353;0.9894
43455;0.9906
43582;0.992
43682;0.9883
43782;0.9915
43882;0.9896
43982;0.9902
44083;0.9904
44183;0.9916
44315;0.9908
44415;0.9916
44530;0.992
44630;0.9917
44745;0.9908
44845;0.9895
44945;0.9909
45045;0.9897
45145;0.991
45277;0.9856
45377;0.9901
45477;0.9893
45577;0.991
45677;0.9917
45777;0.9907
45877;0.9725
45977;0.987
46077;0.9822
46177;0.9816
46297;0.9917
46397;0.9908
46497;0.9903
46597;0.991
46697;0.9909
46797;0.9902
46897;0.9917
46997;0.9915
47122;0.989
47222;0.9889
47367;0.9902
47467;0.9903
47599;0.9911
47699;0.991
47799;0.9887
47912;0.9908
627455;FOUND
