10100;START
10100;0.8961
10200;0.8961
10300;0.8961
10413;0.8961
10513;0.8961
10613;0.8961
10713;0.8961
10813;0.8961
10913;0.8961
11032;0.8961
11150;0.8961
11250;0.8961
11350;0.8961
11450;0.8961
11550;0.8961
11672;0.8961
11772;0.8961
11872;0.8961
11972;0.8961
12072;0.8961
12174;0.8961
12274;0.8961
12374;0.8961
12481;0.8961
12581;0.8961
12709;0.8961
12809;0.8978
12909;0.9101
13009;0.8951
13122;0.9014
13222;0.9115
13322;0.9107
13422;0.9106
13522;0.9096
13622;0.912
13722;0.9139
13822;0.9099
13922;0.913
14065;0.9134
14165;0.9149
14265;0.9142
14365;0.9235
14465;0.9254
14565;0.9259
14672;0.9273
14772;0.9253
14872;0.9309
14972;0.9297
15072;0.9352
15172;0.9383
15272;0.9405
15372;0.9408
15482;0.9427
15582;0.9388
15682;0.9503
15798;0.9502
15916;0.95
16016;0.9508
16128;0.9489
16228;0.9442
16332;0.9467
16432;0.9487
16532;0.9426
16657;0.9489
16769;0.9507
16869;0.9421
16969;0.9472
17069;0.9512
17169;0.9515
17291;0.9531
17391;0.9539
17491;0.9551
17591;0.9571
17727;0.9504
17827;0.9566
17927;0.9454
18027;0.953
18236;0.9535
18338;0.9572
18460;0.9482
18560;0.9478
18660;0.9559
18760;0.9533
18860;0.9533
18960;0.9367
19060;0.9538
19165;0.9572
19269;0.949
19397;0.9477
19497;0.9471
19622;0.9589
19722;0.9602
19822;0.9597
19938;0.9569
20070;0.9574
20170;0.96
20296;0.9584
20415;0.957
20515;0.9498
20615;0.9604
20724;0.9632
20842;0.959
20942;0.9589
21042;0.9634
21142;0.9605
21262;0.9611
21362;0.9633
21462;0.9619
21562;0.9613
21668;0.9625
21768;0.9659
21868;0.9618
21968;0.9657
22068;0.9657
22168;0.9653
22268;0.9652
22368;0.9634
22468;0.9646
22568;0.9667
22684;0.9605
22825;0.9641
22933;0.959
23041;0.9583
23141;0.9603
23241;0.9606
23358;0.9642
23458;0.9617
23558;0.9648
23658;0.9577
23766;0.9673
23882;0.9656
23982;0.9676
24082;0.9454
24182;0.9666
24282;0.9655
24401;0.9663
24501;0.9661
24618;0.9671
24718;0.9687
24846;0.9702
24946;0.9694
25079;0.9673
25217;0.967
25339;0.9659
25439;0.9673
25545;0.9695
25645;0.9704
25745;0.9668
25862;0.9671
25962;0.9685
26062;0.9693
26162;0.9668
26262;0.9528
26378;0.9611
26478;0.9652
26578;0.9552
26678;0.967
26778;0.9655
26878;0.9666
26992;0.9651
27092;0.9675
27192;0.9673
27292;0.9673
27392;0.9649
27492;0.9663
27592;0.9695
27730;0.9669
27832;0.9685
27937;0.9686
28037;0.9718
28137;0.9695
28237;0.9698
28337;0.97
28437;0.9697
28543;0.9689
28643;0.9704
28743;0.9684
28843;0.9651
28978;0.9647
29078;0.9657
29178;0.9674
29323;0.9699
29437;0.9688
29537;0.9708
29637;0.9619
29737;0.9678
29837;0.9645
29968;0.9671
30074;0.9616
30174;0.9634
30283;0.9661
30383;0.9647
30484;0.967
30598;0.9675
30698;0.9684
30798;0.9686
30898;0.9615
30998;0.9707
31098;0.9706
31206;0.971
31306;0.9665
31406;0.9739
31508;0.9748
31608;0.9746
31708;0.9751
31862;0.9743
31962;0.9765
32062;0.9703
32217;0.9692
32317;0.9762
32419;0.9783
32519;0.9756
32652;0.9709
32752;0.9757
32852;0.9738
32952;0.9749
33059;0.9776
33176;0.9699
33276;0.9779
33376;0.9768
33486;0.9777
33586;0.9779
33696;0.9776
33805;0.9712
33905;0.9773
34005;0.9759
34105;0.9741
34227;0.9761
34375;0.9777
34475;0.9704
34597;0.9708
34697;0.9745
34797;0.9718
34897;0.9703
35013;0.976
35113;0.9731
35213;0.9752
35313;0.9798
35413;0.9811
35570;0.9801
35693;0.9807
35793;0.9811
35893;0.98
36006;0.978
36113;0.9832
36213;0.9805
36315;0.9813
36415;0.977
36515;0.9828
36622;0.9814
36754;0.9828
36937;0.9778
37037;0.9796
37137;0.9843
37264;0.9839
37365;0.9861
37465;0.9854
37631;0.982
37731;0.9813
37831;0.9824
37939;0.9848
38039;0.9835
38139;0.9804
38239;0.9809
38342;0.9875
38442;0.9873
38542;0.9866
38665;0.9862
38765;0.9869
38892;0.988
38992;0.9833
39132;0.9879
39241;0.9892
39348;0.9874
39448;0.9885
39548;0.9874
39648;0.9885
39748;0.9885
39914;0.988
40014;0.9886
40114;0.9886
40214;0.9884
40316;0.9888
40416;0.9883
40524;0.9863
40624;0.9878
40724;0.9893
40824;0.9899
40924;0.9887
41035;0.9815
41135;0.986
41271;0.9878
41388;0.9882
41488;0.9869
41619;0.9818
41719;0.989
41819;0.9806
41919;0.9839
42032;0.9899
42143;0.989
42243;0.9882
42343;0.9883
42443;0.9895
42543;0.9906
42671;0.9919
42796;0.9923
42896;0.9923
43040;0.9922
43150;0.9928
43250;0.9917
43351;0.992
43452;0.9926
43552;0.9914
43652;0.9913
43752;0.9928
43852;0.9926
43952;0.9927
44052;0.9926
44152;0.9925
44252;0.9925
44370;0.9926
44513;0.9913
44613;0.9923
44713;0.9925
44813;0.9926
44913;0.9926
45017;0.9835
45117;0.9922
45234;0.993
45334;0.9922
45434;0.9921
45588;0.9921
45688;0.9922
45793;0.9918
45895;0.9923
45995;0.9926
46095;0.9914
46225;0.9864
46325;0.9933
46425;0.9935
46562;0.9874
46662;0.9917
46762;0.9926
46862;0.9928
46962;0.9927
47062;0.988
47162;0.9891
47262;0.992
47362;0.9922
47462;0.9921
47562;0.9935
47662;0.9923
47762;0.9925
47874;0.9931
47989;0.9934
48117;0.9936
48245;0.9922
48354;0.9891
48454;0.9859
48555;0.9918
48667;0.9926
48767;0.9941
48867;0.9941
48967;0.9909
49067;0.9899
49167;0.9828
49267;0.988
49401;0.9935
49501;0.9918
49601;0.991
49711;0.9932
49811;0.9932
49911;0.9939
50011;0.994
50111;0.994
50217;0.994
50317;0.9941
50432;0.9941
50532;0.9941
50649;0.9941
50749;0.9941
50849;0.9941
51006;0.9944
51106;0.9944
51224;0.9944
51328;0.9943
51428;0.9941
51528;0.994
51653;0.9939
51753;0.9939
51907;0.9936
52007;0.9939
52107;0.9939
52207;0.9939
52307;0.9942
52451;0.9944
52551;0.9944
52651;0.9944
52751;0.9944
52876;0.9944
52976;0.9944
53084;0.9869
53192;0.9826
208112;FOUND
