10100;START
10100;0.8941
10200;0.8941
10300;0.8941
10416;0.8941
10516;0.8941
10616;0.8941
10716;0.8941
10816;0.8941
10916;0.8941
11016;0.8941
11116;0.8941
11216;0.8941
11316;0.8941
11420;0.8941
11545;0.8941
11698;0.8941
11806;0.8941
11914;0.8941
12014;0.8941
12114;0.8941
12225;0.8941
12325;0.8941
12432;0.8941
12532;0.8941
12632;0.8941
12748;0.894
12848;0.8941
12951;0.8941
13051;0.8944
13151;0.9243
13258;0.9268
13358;0.9214
13458;0.9242
13558;0.9226
13658;0.9287
13758;0.9138
13858;0.9296
13959;0.933
14117;0.932
14217;0.9311
14317;0.8994
14417;0.9295
14517;0.9329
14617;0.9351
14790;0.9346
14890;0.9152
14990;0.9383
15096;0.9375
15196;0.9358
15296;0.9335
15396;0.9396
15496;0.9403
15601;0.9409
15703;0.9409
15803;0.9443
15906;0.9469
16006;0.9477
16106;0.9503
16206;0.9545
16306;0.9392
16406;0.9536
16506;0.9548
16653;0.9549
16753;0.9468
16878;0.9474
17002;0.9528
17121;0.9504
17221;0.9568
17340;0.9575
17440;0.9597
17540;0.9465
17649;0.9493
17773;0.9567
17873;0.9579
17990;0.9588
18097;0.958
18197;0.9612
18297;0.9607
18420;0.9534
18536;0.9564
18636;0.9598
18736;0.9617
18836;0.9612
18936;0.9609
19036;0.96
19136;0.9576
19236;0.9531
19336;0.9591
19503;0.9575
19603;0.9578
19754;0.9458
19854;0.9576
19954;0.9558
20068;0.9602
20168;0.9607
20319;0.9575
20419;0.9584
20519;0.9601
20680;0.954
20780;0.9648
20884;0.965
20984;0.9654
21084;0.9642
21184;0.9606
21284;0.963
21384;0.9649
21484;0.9666
21639;0.9644
21739;0.97
21885;0.9574
22011;0.964
22149;0.9653
22249;0.9675
22349;0.9654
22449;0.9383
22558;0.9661
22658;0.958
22758;0.9561
22858;0.9708
22984;0.9728
23084;0.9745
23193;0.975
23293;0.9752
23426;0.976
23526;0.976
23627;0.9769
23727;0.9746
23866;0.9675
23966;0.9561
24066;0.9677
24166;0.9693
24293;0.9704
24393;0.972
24493;0.9673
24599;0.973
24706;0.9752
24814;0.9765
24914;0.9755
25014;0.9763
25162;0.976
25278;0.9766
25378;0.9674
25478;0.977
25578;0.975
25678;0.9773
25799;0.9778
25899;0.9656
26028;0.9793
26128;0.9757
26228;0.9779
26328;0.9785
26428;0.9787
26528;0.9778
26628;0.9767
26728;0.9814
26834;0.9802
26934;0.9805
27095;0.982
27195;0.9835
27350;0.9832
27450;0.9831
27567;0.977
27682;0.9829
27782;0.9812
27884;0.9797
27984;0.9828
28084;0.9811
28225;0.9838
28325;0.9826
28441;0.9732
28541;0.9835
28641;0.9603
28741;0.9813
28841;0.9834
28941;0.9687
29088;0.9819
29213;0.9822
29313;0.9852
29423;0.9821
29523;0.9844
29650;0.9846
29750;0.9779
29850;0.9866
29950;0.988
30050;0.9883
30156;0.9876
30256;0.9881
30356;0.9869
30456;0.9888
30556;0.9887
30700;0.9886
30800;0.9881
30911;0.9895
31100;0.9882
31200;0.99
31303;0.9904
31403;0.9904
31503;0.9903
31612;0.9905
31739;0.9902
31842;0.9905
31952;0.9907
32052;0.9899
32221;0.9876
32324;0.9896
32424;0.9902
32530;0.9899
32630;0.9901
32730;0.9862
32830;0.9837
32936;0.9895
33094;0.9904
33194;0.9907
33329;0.9906
33429;0.9906
33529;0.9905
33629;0.9907
33765;0.9899
33865;0.9899
33965;0.9909
34065;0.9874
34166;0.9908
34266;0.9904
34366;0.9857
34466;0.9884
34567;0.9901
34667;0.9809
34767;0.9886
34867;0.9918
34967;0.9909
35107;0.9905
35207;0.9856
35323;0.9897
35424;0.9916
35524;0.9847
35633;0.9881
35733;0.9915
35833;0.9867
35933;0.9912
36087;0.9894
36187;0.99
36318;0.9903
36467;0.9909
36630;0.992
36730;0.9926
36863;0.9925
36969;0.9914
37069;0.9913
37179;0.992
37302;0.9937
37405;0.9936
37508;0.9946
37620;0.9927
37720;0.9953
37820;0.9939
37920;0.9963
38020;0.9956
38152;0.996
38252;0.9952
38352;0.9913
38452;0.9924
38552;0.9948
38652;0.9953
38752;0.9958
38857;0.9959
38999;0.9958
39099;0.9952
39199;0.996
39299;0.9976
39399;0.9969
39524;0.9986
39624;0.9944
39839;0.9934
39939;0.9992
40039;0.997
40147;0.9977
40247;0.9984
40347;0.999
40447;0.9987
40547;0.9988
40647;0.9989
40747;0.9989
40847;0.999
40947;0.9991
41156;0.999
41256;0.9991
41372;0.999
41472;0.9985
41572;0.9984
41672;0.9991
41772;0.9991
41872;0.9991
41972;0.9991
42072;0.9988
42172;0.9989
42272;0.999
42380;0.9991
42493;0.9983
42593;0.999
42696;0.9991
42796;0.9988
42909;0.9984
43039;0.9983
43139;0.9991
43239;0.9993
43339;0.9996
43439;0.9996
43539;0.9996
43639;0.9996
43739;0.9994
43839;0.9992
43977;0.9992
44077;0.9995
44204;0.9995
44304;0.9995
44404;0.9991
44542;0.9991
44642;0.9991
44742;0.9996
44845;0.9996
44945;0.9995
45045;0.9995
45145;0.9995
45245;0.9996
45348;0.9996
45448;0.9996
45548;0.9996
45711;0.9996
45811;0.9997
45911;0.9997
46011;0.9997
46150;0.9997
46271;0.9997
46377;0.9998
46477;0.9997
46596;0.9997
46721;0.9995
46858;0.9995
46972;0.9996
47072;0.9997
47229;0.9996
47329;0.9996
47431;0.9997
47531;0.9997
47631;0.9996
47731;0.9993
47831;0.9982
47931;0.9963
48031;0.9955
48136;0.9995
48236;0.9984
48338;0.9981
48448;0.9986
48548;0.9993
48648;0.9994
48803;0.9997
48903;0.9996
49082;0.9996
49182;0.9995
49313;0.9995
49423;0.9996
49523;0.9995
49628;0.9999
49728;0.9996
49866;0.9995
49980;0.9995
50115;0.9995
50234;0.9995
50334;0.9996
50457;0.9996
50557;0.9996
50657;0.9993
50786;0.9992
50886;0.9992
50986;0.9993
51089;0.9994
51189;0.9994
51289;0.9994
51407;0.9995
51509;1.0
51609;0.9996
51709;0.9994
51809;0.9994
51909;0.9995
52009;0.9996
52109;0.9998
52209;0.9995
52309;0.9989
52445;0.9987
52545;0.9988
52645;0.9988
52766;0.9989
52866;0.9989
52966;0.9988
53066;0.9988
53173;0.9988
53273;0.9988
1333893;FOUND
