10100;START
10100;0.8912
10200;0.8912
10300;0.8912
10400;0.8912
10528;0.8912
10663;0.8912
10789;0.8912
10933;0.8912
11033;0.8912
11133;0.8912
11233;0.8912
11333;0.8912
11444;0.8912
11544;0.8912
11653;0.8912
11753;0.8912
11901;0.8912
12001;0.8912
12101;0.8912
12201;0.8912
12301;0.8912
12401;0.8912
12501;0.8912
12601;0.8912
12701;0.8912
12801;0.8912
12901;0.8912
13029;0.8912
13129;0.8912
13258;0.8912
13358;0.8912
13513;0.8912
13613;0.8912
13728;0.8912
13828;0.8912
13928;0.915
14028;0.917
14128;0.9142
14228;0.9133
14356;0.9202
14456;0.9219
14556;0.9242
14656;0.929
14763;0.9167
14863;0.9307
14963;0.9286
15082;0.93
15182;0.9285
15291;0.9319
15391;0.93
15491;0.9257
15605;0.915
15733;0.9263
15833;0.9322
15964;0.934
16064;0.9332
16164;0.9357
16326;0.937
16426;0.9317
16547;0.935
16659;0.9373
16759;0.9363
16859;0.9388
16959;0.9422
17067;0.9353
17171;0.9436
17271;0.9448
17371;0.9507
17471;0.9373
17605;0.9516
17705;0.95
17805;0.95
17905;0.952
18005;0.9471
18105;0.9441
18207;0.9441
18311;0.9472
18429;0.9498
18529;0.9533
18629;0.9551
18729;0.9521
18848;0.948
18948;0.9457
19048;0.9481
19148;0.9227
19248;0.9477
19348;0.9423
19448;0.9432
19552;0.9612
19652;0.9614
19817;0.9616
19917;0.9636
20017;0.967
20172;0.9619
20272;0.9707
20372;0.9587
20472;0.9617
20572;0.9637
20672;0.9578
20772;0.965
20872;0.9711
20972;0.9716
21095;0.9712
21236;0.9715
21336;0.9671
21436;0.9598
21536;0.9637
21636;0.9752
21736;0.9661
21930;0.9617
22030;0.971
22148;0.9729
22248;0.9723
22348;0.9671
22448;0.9715
22548;0.965
22648;0.9672
22748;0.9705
22921;0.973
23021;0.9664
23131;0.9697
23232;0.971
23336;0.9711
23436;0.9702
23538;0.9637
23638;0.9666
23738;0.9677
23842;0.965
23942;0.9663
24042;0.9668
24142;0.9683
24287;0.9655
24387;0.9683
24487;0.9679
24587;0.9651
24687;0.9682
24813;0.9707
24913;0.9707
25013;0.9737
25113;0.9696
25216;0.9735
25316;0.9683
25432;0.9691
25532;0.9713
25632;0.9749
25732;0.9735
25832;0.9735
25932;0.9752
26032;0.9759
26134;0.9719
26234;0.9753
26334;0.9723
26434;0.9649
26534;0.9735
26641;0.9777
26746;0.9753
26846;0.9769
26946;0.9772
27046;0.9754
27146;0.9749
27246;0.9753
27346;0.9761
27446;0.9759
27548;0.9764
27648;0.9766
27748;0.9763
27848;0.977
27948;0.9773
28048;0.9774
28148;0.9772
28269;0.9785
28392;0.9782
28492;0.9739
28593;0.9756
28702;0.9752
28802;0.9748
28902;0.9748
29002;0.9738
29102;0.9761
29231;0.9757
29331;0.9759
29431;0.9762
29531;0.9761
29653;0.9728
29768;0.9659
29906;0.9712
30006;0.974
30107;0.9749
30207;0.9746
30307;0.9742
30407;0.9753
30538;0.9754
30675;0.9756
30804;0.9705
30924;0.9718
31024;0.9755
31124;0.9753
31224;0.9728
31332;0.9734
31432;0.9744
31532;0.9732
31632;0.9677
31732;0.9726
31847;0.9746
31947;0.975
32101;0.9752
32201;0.9733
32301;0.9709
253521;FOUND
