10100;START
10100;0.8167
10200;0.8167
10300;0.8167
10400;0.8167
10500;0.8167
10600;0.8167
10700;0.8167
10800;0.8167
10900;0.8167
11000;0.8167
11100;0.8167
11200;0.8167
11300;0.8167
11400;0.8167
11500;0.8168
11600;0.8211
11700;0.8206
11800;0.8229
11900;0.8236
12000;0.8232
12100;0.7992
12200;0.8194
12300;0.8167
12400;0.8167
12500;0.8167
12600;0.8167
12700;0.8251
12800;0.8306
12900;0.8309
13000;0.8331
13100;0.8369
13200;0.8065
13300;0.8219
13400;0.8356
13500;0.8439
13600;0.8179
13700;0.8344
13800;0.8205
13900;0.825
14000;0.8347
14100;0.824
14200;0.8026
14300;0.8416
14400;0.8389
14500;0.828
14600;0.8415
14700;0.8297
14800;0.8454
14900;0.8319
15000;0.832
15100;0.8304
15200;0.8539
15300;0.8496
15400;0.8578
15500;0.8614
15600;0.8626
15700;0.865
15800;0.8575
15900;0.8516
16000;0.8513
16100;0.8753
16200;0.8714
16300;0.8749
16400;0.8673
16500;0.8685
16600;0.8655
16700;0.8667
16800;0.8498
16900;0.8759
17000;0.8741
17100;0.872
17200;0.8757
17300;0.8765
17400;0.8734
17500;0.8692
17600;0.873
17700;0.8748
17800;0.8678
17900;0.8745
18000;0.8704
18100;0.8648
18200;0.8694
18300;0.872
18400;0.8586
18500;0.8673
18600;0.8776
18700;0.8771
18800;0.8794
18900;0.8699
19000;0.8876
19100;0.8847
19200;0.8697
19300;0.8862
19400;0.8897
19500;0.8792
19600;0.8857
19700;0.8958
19800;0.8904
19900;0.8992
20000;0.8998
20100;0.897
20200;0.9013
20300;0.9007
20400;0.9002
20500;0.8914
20600;0.8997
20700;0.9039
20800;0.8758
20900;0.9051
21000;0.8979
21100;0.9038
21200;0.9016
21300;0.906
21400;0.908
21500;0.9079
21600;0.9063
21700;0.9006
21800;0.9126
21900;0.903
22000;0.9139
22100;0.9046
22200;0.9188
22300;0.9041
22400;0.9082
22500;0.8969
22600;0.9218
22700;0.9167
22800;0.9212
22900;0.9207
23000;0.9138
23100;0.9197
23200;0.9178
23300;0.9249
23400;0.9303
23500;0.9307
23600;0.9287
23700;0.9287
23800;0.9108
23900;0.9231
24000;0.9098
24100;0.9221
24200;0.9171
24300;0.9235
24400;0.9297
24500;0.931
24600;0.9328
24700;0.9363
24800;0.9236
24900;0.9346
25000;0.9359
25100;0.9287
25200;0.9249
25300;0.9297
25400;0.9288
25500;0.942
25600;0.9397
25700;0.9368
25800;0.9401
25900;0.9353
26000;0.9315
26100;0.9378
26200;0.9348
26300;0.9422
26400;0.9047
26500;0.9375
26600;0.9367
26700;0.9375
26800;0.9392
26900;0.9428
27000;0.9316
27100;0.9343
27200;0.932
27300;0.9285
27400;0.9311
27500;0.9333
27600;0.9418
27700;0.9319
27800;0.9301
27900;0.9447
28000;0.9411
28100;0.9417
28200;0.9414
28300;0.9393
28400;0.9324
28500;0.9321
28600;0.9274
28700;0.9369
28800;0.9447
28900;0.9435
29000;0.9438
29100;0.947
29200;0.9449
29300;0.9471
29400;0.9467
29500;0.9447
29600;0.9502
29700;0.9485
29800;0.9502
29900;0.9522
30000;0.9441
30100;0.9481
30200;0.9434
30300;0.945
30400;0.9478
30500;0.9486
30600;0.9474
30700;0.948
30800;0.945
30900;0.9475
31000;0.944
31100;0.9449
31200;0.9554
31300;0.9519
31400;0.958
31500;0.9476
31600;0.9559
31700;0.9583
31800;0.9524
31900;0.9528
32000;0.9539
32100;0.9479
32200;0.9474
32300;0.9549
32400;0.9523
32500;0.952
32600;0.9148
32700;0.9521
32800;0.9527
32900;0.9484
33000;0.9579
33100;0.9551
33200;0.9524
33300;0.9527
33400;0.9525
33500;0.9493
33600;0.9518
33700;0.9488
33800;0.9464
33900;0.9455
34000;0.9531
34100;0.9513
34200;0.9531
34300;0.9497
34400;0.9533
34500;0.9574
34600;0.9586
34700;0.9588
34800;0.9554
34900;0.9521
35000;0.9607
35100;0.9577
35200;0.9615
35300;0.9522
35400;0.9615
35500;0.9587
35600;0.9608
35700;0.9627
35800;0.9631
35900;0.9632
36000;0.9631
36100;0.9631
36200;0.9635
36300;0.9598
36400;0.9639
36500;0.9663
36600;0.9679
36700;0.9675
36800;0.9663
36900;0.9573
37000;0.951
37100;0.9665
37200;0.964
37300;0.9617
37400;0.957
37500;0.9531
37600;0.9556
37700;0.9559
37800;0.9557
37900;0.9596
38000;0.9607
38100;0.9567
38200;0.9575
38300;0.9661
38400;0.9665
38500;0.9661
38600;0.9665
38700;0.9627
38800;0.9665
38900;0.9682
39000;0.9672
39100;0.968
39200;0.9668
39300;0.9677
39400;0.9676
39500;0.9682
39600;0.9679
39700;0.9691
39800;0.9665
39900;0.9665
40000;0.9658
40100;0.9691
40200;0.9702
40300;0.9696
40400;0.9708
40500;0.9679
40600;0.9697
40700;0.9681
40800;0.9675
40900;0.9666
41000;0.9636
41100;0.9599
41200;0.9569
41300;0.958
41400;0.959
41500;0.955
41600;0.9691
41700;0.9696
41800;0.9721
41900;0.9725
42000;0.9721
42100;0.971
42200;0.9711
42300;0.9704
42400;0.9657
42500;0.9699
42600;0.9717
42700;0.9741
42800;0.9735
42900;0.9668
43000;0.9669
43100;0.9729
43200;0.972
43300;0.9646
43400;0.9697
43500;0.9671
43600;0.9701
43700;0.9626
43800;0.9724
43900;0.9701
44000;0.9729
44100;0.9732
44200;0.9639
44300;0.9688
44400;0.9559
44500;0.9671
44600;0.9676
44700;0.9692
44800;0.9679
44900;0.9672
45000;0.9616
45100;0.9691
45200;0.9646
45300;0.9706
45400;0.9742
45500;0.9679
45600;0.9757
45700;0.9757
45800;0.9759
45900;0.9727
46000;0.9744
46100;0.974
46200;0.9685
46300;0.9764
46400;0.9765
46500;0.9759
46600;0.9765
46700;0.9762
46800;0.9769
46900;0.9784
47000;0.9679
47100;0.9796
47200;0.9787
47300;0.9763
47400;0.9399
47500;0.9665
47600;0.9597
47700;0.961
47800;0.9731
47900;0.975
48000;0.9667
48100;0.9772
48200;0.9617
48300;0.9803
48400;0.9791
48500;0.9738
48600;0.9743
48700;0.9679
48800;0.981
48900;0.975
49000;0.9699
49100;0.9797
49200;0.9766
49300;0.9758
49400;0.9793
49500;0.9723
49600;0.9697
49700;0.9695
49800;0.9783
49900;0.9749
50000;0.9792
50100;0.9782
50200;0.9772
50300;0.9833
50400;0.9826
50500;0.9806
50600;0.9805
50700;0.9811
50800;0.9809
50900;0.9819
51000;0.9828
51100;0.9825
51200;0.9829
51300;0.9831
51400;0.9828
51500;0.9814
51601;0.9839
51701;0.9828
51801;0.9808
51901;0.9692
52001;0.9834
52101;0.9823
52201;0.9807
52301;0.98
52401;0.98
52501;0.9807
52601;0.9694
52701;0.974
52801;0.981
52901;0.9809
53001;0.9847
53101;0.9786
53201;0.9828
53301;0.981
53401;0.9802
53501;0.9822
53601;0.9808
53701;0.9808
53801;0.9802
53901;0.979
54001;0.982
54101;0.9719
54201;0.9828
54301;0.981
54401;0.9789
54501;0.981
54601;0.9801
54701;0.9808
54801;0.9823
54901;0.9816
55001;0.9817
55101;0.983
55201;0.9824
55301;0.9825
55401;0.9823
55504;0.983
55604;0.9812
55704;0.9857
55804;0.9859
55904;0.976
56004;0.9783
56104;0.9838
56204;0.9822
56304;0.9849
56404;0.9845
56504;0.9858
56604;0.9586
56704;0.9837
56804;0.982
56904;0.9801
57004;0.9823
57104;0.9845
57204;0.9832
57304;0.9848
57404;0.9841
57504;0.9849
57604;0.9844
57704;0.9835
57804;0.9844
57904;0.9856
58004;0.9834
58104;0.9764
58204;0.9826
58304;0.9835
58404;0.9844
58504;0.9834
58604;0.9862
58704;0.9859
58804;0.986
58904;0.9861
59004;0.9856
59104;0.9847
59204;0.9853
59304;0.9843
59404;0.9807
59504;0.9787
59604;0.9816
59704;0.9847
59804;0.9846
59904;0.9847
60004;0.985
60104;0.9853
60204;0.9846
60304;0.9841
60404;0.9853
60504;0.9851
60604;0.9844
60704;0.9837
60804;0.9832
60904;0.9831
61004;0.9856
61104;0.9863
61204;0.9853
61304;0.9825
61404;0.9692
61504;0.984
61604;0.9837
61704;0.9842
61804;0.9844
61904;0.9836
62004;0.9819
62104;0.9819
62204;0.9829
62304;0.9836
62404;0.9832
62504;0.9831
62604;0.9829
62704;0.9856
62804;0.9826
62904;0.9838
63004;0.9809
63104;0.9825
63204;0.9802
63304;0.9815
63404;0.9808
63504;0.9811
63604;0.9743
63704;0.9818
63804;0.9821
63904;0.9828
64004;0.9851
64104;0.9856
64204;0.9846
64304;0.9834
64404;0.985
64504;0.9837
64604;0.9771
64704;0.9832
64804;0.9847
64904;0.9856
65004;0.9837
65104;0.9841
65204;0.9849
65304;0.9846
65404;0.9852
65504;0.9836
65604;0.985
65704;0.9851
65804;0.9854
65904;0.9864
66004;0.9867
66104;0.9842
66204;0.9754
66304;0.9859
66404;0.9869
66504;0.9855
66604;0.9812
66704;0.9792
66804;0.9821
66904;0.9843
67004;0.9865
67104;0.9868
67204;0.9837
67304;0.9865
67404;0.985
67504;0.9815
67604;0.9747
67704;0.9847
67804;0.9856
67904;0.9859
68004;0.979
68104;0.9779
68204;0.9843
68304;0.9841
68404;0.9838
68504;0.9841
68604;0.9865
68704;0.9839
68804;0.9878
68904;0.9871
69004;0.9856
69104;0.9793
69204;0.9717
69304;0.9829
69404;0.9847
69504;0.9851
69604;0.9841
69704;0.9872
69804;0.9893
69904;0.9885
70004;0.9858
70104;0.9845
70204;0.9858
70304;0.9853
70404;0.9808
2170573;FAILED
