10100;START
10100;0.8134
10200;0.8134
10300;0.8134
10400;0.8134
10500;0.8134
10600;0.8134
10700;0.8134
10800;0.8134
10900;0.8134
11000;0.8134
11100;0.8134
11200;0.8134
11300;0.8134
11400;0.8134
11500;0.8134
11600;0.8134
11700;0.8134
11800;0.8134
11900;0.8134
12000;0.8133
12100;0.8138
12200;0.8134
12300;0.8182
12400;0.8221
12500;0.822
12600;0.8193
12700;0.8208
12800;0.8275
12900;0.8299
13000;0.8277
13100;0.8303
13200;0.8227
13300;0.8257
13400;0.7868
13500;0.8322
13600;0.7961
13700;0.8377
13800;0.8347
13900;0.8134
14000;0.8392
14100;0.823
14200;0.8135
14300;0.8285
14400;0.8265
14500;0.8076
14600;0.8204
14700;0.8113
14800;0.8312
14900;0.8274
15000;0.833
15100;0.8381
15200;0.8393
15300;0.8391
15400;0.8375
15500;0.845
15600;0.8424
15700;0.8475
15800;0.8449
15900;0.8493
16000;0.8442
16100;0.8441
16200;0.8428
16300;0.8439
16400;0.8449
16500;0.849
16600;0.8506
16700;0.8452
16800;0.8433
16900;0.8548
17000;0.853
17100;0.8499
17200;0.8505
17300;0.8542
17400;0.86
17500;0.8524
17600;0.8542
17700;0.8579
17800;0.855
17900;0.856
18000;0.8325
18100;0.8568
18200;0.855
18300;0.8639
18400;0.861
18500;0.8586
18600;0.8646
18700;0.8663
18800;0.8596
18900;0.8479
19000;0.8668
19100;0.856
19200;0.8649
19300;0.8654
19400;0.8702
19500;0.8692
19600;0.8733
19700;0.8705
19800;0.8749
19900;0.8642
20000;0.8786
20100;0.8742
20200;0.8802
20300;0.8802
20400;0.8398
20500;0.8777
20600;0.8845
20700;0.8842
20800;0.882
20900;0.8801
21000;0.8832
21100;0.8837
21200;0.8616
21300;0.8536
21400;0.857
21500;0.8708
21600;0.8758
21700;0.8699
21800;0.8842
21900;0.8904
22000;0.8997
22100;0.9006
22200;0.9017
22300;0.8941
22400;0.8783
22500;0.8995
22600;0.8951
22700;0.8977
22800;0.9002
22900;0.8746
23000;0.877
23100;0.8908
23200;0.9071
23300;0.9086
23400;0.9084
23500;0.912
23600;0.9024
23700;0.8864
23800;0.9108
23900;0.9129
24000;0.9103
24100;0.9101
24200;0.9121
24300;0.9135
24400;0.9098
24500;0.9158
24600;0.8933
24700;0.9115
24800;0.91
24900;0.9098
25000;0.9056
25100;0.9128
25200;0.9076
25300;0.922
25400;0.9201
25500;0.9187
25600;0.9152
25700;0.9099
25800;0.9135
25900;0.9159
26000;0.92
26100;0.9241
26200;0.9233
26300;0.9161
26400;0.9018
26500;0.9148
26600;0.9239
26700;0.9196
26800;0.9219
26900;0.924
27000;0.9028
27100;0.9261
27200;0.9167
27300;0.9232
27400;0.9062
27500;0.9154
27600;0.9271
27700;0.932
27800;0.9306
27900;0.9163
28000;0.93
28100;0.9213
28200;0.9253
28300;0.9128
28400;0.9283
28500;0.9322
28600;0.9285
28700;0.9176
28800;0.9327
28900;0.9304
29000;0.9344
29100;0.9339
29200;0.9257
29300;0.9309
29400;0.9345
29500;0.92
29600;0.9216
29700;0.9306
29800;0.9258
29900;0.9333
30000;0.9331
30100;0.9333
30200;0.9386
30300;0.9381
30400;0.9429
30500;0.9396
30600;0.9422
30700;0.9441
30800;0.9385
30900;0.9421
31000;0.9422
31100;0.9419
31200;0.9444
31300;0.9386
31400;0.9373
31500;0.94
31600;0.9465
31700;0.9444
31800;0.9451
31900;0.938
32000;0.9439
32100;0.9437
32200;0.9443
32300;0.9458
32400;0.9421
32500;0.95
32600;0.9245
32700;0.9475
32800;0.9453
32900;0.9416
33000;0.9453
33100;0.9492
33200;0.9484
33300;0.9312
33400;0.9434
33500;0.9443
33600;0.9473
33700;0.9458
33800;0.944
33900;0.9503
34000;0.9374
34100;0.9516
34200;0.9454
34300;0.951
34400;0.9503
34500;0.9502
34600;0.9471
34700;0.9357
34800;0.9376
34900;0.9562
35000;0.9513
35100;0.9447
35200;0.9543
35300;0.9318
35400;0.9525
35500;0.9563
35600;0.9563
35700;0.9465
35800;0.9542
35900;0.9578
36000;0.9585
36100;0.9575
36200;0.956
36300;0.957
36400;0.9567
36500;0.9567
36600;0.9489
36700;0.9577
36800;0.9591
36900;0.9365
37000;0.9536
37100;0.9476
37200;0.9471
37309;0.9507
37409;0.9407
37509;0.9494
37609;0.9589
37709;0.9598
37809;0.9613
37909;0.9604
38009;0.953
38109;0.9587
38209;0.9546
38309;0.9596
38409;0.9568
38509;0.9621
38609;0.9523
38709;0.96
38809;0.9577
38909;0.9601
39009;0.953
39109;0.953
39209;0.9546
39309;0.9579
39409;0.9581
39509;0.9605
39609;0.9615
39709;0.9632
39809;0.9628
39909;0.9633
40009;0.9639
40109;0.9599
40209;0.9468
40309;0.9537
40409;0.9605
40509;0.9633
40609;0.9623
40709;0.9529
40809;0.9619
40909;0.9655
41009;0.9629
41109;0.969
41209;0.9689
41309;0.9655
41409;0.9655
41509;0.9691
41609;0.9687
41709;0.9635
41809;0.9652
41909;0.9686
42009;0.9679
42109;0.9681
42209;0.968
42309;0.969
42409;0.965
42509;0.963
42609;0.9657
42709;0.9466
42809;0.9658
42909;0.9628
43009;0.9664
43109;0.966
43209;0.9623
43309;0.9673
43409;0.9673
43509;0.9601
43609;0.9682
43709;0.9698
43809;0.9713
43909;0.9715
44009;0.9707
44109;0.9684
44209;0.9717
44309;0.9669
44409;0.9683
44509;0.9657
44609;0.9691
44709;0.9682
44809;0.9696
44909;0.9717
45009;0.9708
45109;0.975
45209;0.9722
45309;0.9609
45409;0.9667
45509;0.9693
45609;0.9706
45709;0.9713
45809;0.9689
45909;0.9733
46009;0.9697
46109;0.9661
46209;0.9705
46309;0.9718
46409;0.9703
46509;0.9696
46609;0.9719
46709;0.9667
46809;0.9726
46909;0.9729
47009;0.9722
47109;0.9719
47209;0.9757
47309;0.9666
47409;0.9617
47509;0.9766
47609;0.9773
47709;0.9765
47809;0.9759
47909;0.9773
48009;0.9755
48109;0.9767
48209;0.9741
48309;0.9729
48409;0.9687
48509;0.9779
48609;0.9787
48709;0.9785
48809;0.9776
48909;0.9781
49009;0.9799
49109;0.9788
49209;0.9754
49309;0.9702
49409;0.9749
49509;0.9755
49609;0.9774
49709;0.9784
49809;0.9764
49909;0.9676
50009;0.9658
50109;0.971
50209;0.9748
50309;0.9767
50409;0.975
50509;0.9765
50609;0.9749
50709;0.9771
50809;0.9708
50909;0.9785
51009;0.98
51109;0.9807
51209;0.981
51309;0.9801
51409;0.9794
51509;0.9821
51609;0.983
51709;0.9817
51809;0.982
51909;0.9815
52009;0.9822
52109;0.9807
52209;0.9815
52309;0.9811
52409;0.9802
52509;0.9825
52609;0.9828
52709;0.9801
52809;0.9796
52909;0.9806
53009;0.978
53109;0.981
53209;0.9836
53309;0.9807
53409;0.978
53509;0.9813
53609;0.9829
53709;0.9812
53809;0.9829
53909;0.9827
54009;0.9833
54109;0.9808
54209;0.9785
54309;0.9801
54409;0.9797
54509;0.9835
54609;0.9837
54709;0.9839
54809;0.9819
54909;0.983
55009;0.9821
55109;0.9816
55209;0.9717
55309;0.9679
55409;0.9739
55509;0.9721
55609;0.9813
55709;0.9728
55809;0.9809
55909;0.9819
56009;0.9822
56109;0.9791
56209;0.9773
56309;0.9835
56409;0.9803
56509;0.968
56609;0.9829
56709;0.9782
56809;0.9791
56909;0.9805
57009;0.9836
57109;0.9825
57209;0.9803
57309;0.9736
57409;0.9831
57509;0.9784
57609;0.9777
57709;0.9798
57809;0.984
57909;0.9849
58009;0.9843
58109;0.9851
58209;0.9852
58309;0.9856
58409;0.9835
58509;0.9825
58609;0.9824
58709;0.9839
58809;0.9863
58909;0.9838
59009;0.9852
59109;0.9875
59209;0.98
59309;0.9831
59409;0.9835
59509;0.9832
59609;0.9846
59709;0.9873
59809;0.9677
59909;0.9736
60009;0.9685
60109;0.9815
60209;0.9856
60309;0.9837
60409;0.9853
60509;0.9811
60609;0.9851
60709;0.9839
60809;0.9752
60909;0.973
61009;0.9607
61109;0.9837
61209;0.9721
61309;0.9837
61410;0.9849
61510;0.9856
61610;0.9884
61710;0.9836
61810;0.9836
61910;0.9871
62010;0.9862
62110;0.9828
62210;0.985
62310;0.9855
62410;0.9799
62510;0.9862
62610;0.9879
62710;0.9871
62810;0.9868
62910;0.9875
63010;0.9891
63110;0.9897
63210;0.989
63310;0.9886
63410;0.9895
63510;0.9877
63610;0.987
63710;0.988
63810;0.9883
63910;0.9722
1988486;FAILED
