10100;START
10100;0.8026
10212;0.8026
10312;0.8026
10412;0.8026
10512;0.8026
10612;0.8026
10712;0.8026
10812;0.8026
10912;0.8026
11012;0.8026
11112;0.8026
11212;0.8026
11312;0.8026
11412;0.8026
11512;0.8026
11612;0.7925
11712;0.8053
11812;0.8045
11912;0.8151
12012;0.8103
12112;0.7907
12212;0.8089
12312;0.8108
12412;0.8152
12512;0.8163
12612;0.8009
12712;0.8069
12812;0.8103
12912;0.7799
13012;0.818
13112;0.8048
13212;0.8216
13312;0.8184
13412;0.8194
13512;0.819
13612;0.8154
13712;0.8216
13812;0.8097
13912;0.8189
14012;0.8203
14112;0.817
14212;0.8136
14312;0.8219
14412;0.8192
14512;0.8234
14612;0.824
14712;0.8236
14812;0.8248
14912;0.8234
15012;0.8254
15112;0.8268
15212;0.8227
15312;0.8095
15412;0.7915
15512;0.8074
15612;0.8145
15712;0.8213
15812;0.8256
15912;0.8264
16012;0.8282
16112;0.8299
16212;0.8298
16312;0.8298
16412;0.8306
16512;0.8337
16612;0.8387
16712;0.828
16812;0.8289
16912;0.8179
17012;0.8274
17112;0.8174
17212;0.8312
17312;0.8324
17412;0.8333
17512;0.8259
17612;0.8224
17712;0.8348
17812;0.8386
17912;0.8175
18012;0.8325
18112;0.8305
18212;0.8369
18312;0.8411
18412;0.8399
18512;0.8382
18612;0.8467
18712;0.8474
18812;0.8549
18912;0.8424
19012;0.8493
19112;0.8444
19212;0.8317
19312;0.8491
19412;0.8405
19512;0.8452
19612;0.8556
19712;0.8469
19812;0.8584
19912;0.8502
20012;0.8577
20112;0.8593
20212;0.8551
20312;0.8599
20412;0.8583
20512;0.8695
20612;0.8613
20712;0.8543
20812;0.8605
20912;0.8447
21012;0.8624
21112;0.8634
21212;0.8664
21312;0.8725
21412;0.8732
21512;0.8477
21612;0.8657
21712;0.8746
21812;0.8694
21912;0.8609
22012;0.868
22112;0.8514
22212;0.8812
22312;0.8593
22412;0.8695
22512;0.8654
22612;0.8799
22712;0.8748
22823;0.8769
22923;0.865
23023;0.879
23123;0.8608
23223;0.8982
23323;0.8914
23423;0.8905
23523;0.8723
23623;0.8739
23723;0.8826
23823;0.8863
23923;0.893
24023;0.898
24123;0.8822
24223;0.9051
24323;0.8835
24423;0.8999
24523;0.9028
24623;0.9088
24723;0.9024
24823;0.9119
24923;0.9012
25023;0.9073
25123;0.9031
25223;0.8757
25326;0.8785
25426;0.8858
25526;0.9041
25626;0.9037
25726;0.8797
25826;0.9122
25926;0.908
26026;0.889
26126;0.9037
26226;0.9063
26326;0.9071
26426;0.9067
26526;0.9206
26626;0.9142
26726;0.918
26826;0.9216
26926;0.9231
27026;0.9235
27126;0.8957
27226;0.9159
27326;0.9154
27426;0.9103
27526;0.9182
27626;0.9035
27726;0.9227
27826;0.9311
27926;0.9298
28026;0.9238
28126;0.9258
28226;0.9323
28326;0.933
28426;0.9337
28526;0.9317
28626;0.9325
28726;0.9111
28826;0.9167
28926;0.9343
29026;0.9333
29126;0.9337
29226;0.9349
29326;0.9369
29426;0.929
29526;0.9321
29626;0.9338
29726;0.93
29826;0.9231
29926;0.9153
30026;0.9248
30126;0.9347
30226;0.931
30326;0.9378
30426;0.9334
30526;0.9328
30626;0.9273
30726;0.9314
30826;0.9394
30926;0.9371
31026;0.9339
31126;0.942
31226;0.9405
31326;0.9269
31426;0.939
31526;0.9368
31626;0.9348
31726;0.9162
31826;0.941
31926;0.9337
32026;0.9466
32126;0.942
32226;0.95
32326;0.9473
32426;0.9385
32526;0.9462
32626;0.9349
32726;0.9453
32826;0.932
32926;0.9402
33026;0.9318
33126;0.9344
33226;0.9326
33326;0.9312
33426;0.9394
33526;0.9484
33626;0.9415
33726;0.9355
33826;0.9121
33926;0.9403
34026;0.9452
34126;0.9448
34226;0.9465
34326;0.9441
34426;0.9445
34526;0.9305
34626;0.9504
34726;0.9512
34826;0.9532
34926;0.9552
35026;0.9538
35126;0.9539
35226;0.9482
35326;0.9499
35426;0.9481
35526;0.9431
35626;0.9481
35726;0.9441
35826;0.9459
35926;0.9451
36026;0.9449
36126;0.9481
36226;0.9457
36326;0.9433
36426;0.9532
36526;0.9547
36626;0.9546
36726;0.9565
36826;0.9585
36926;0.9568
37026;0.9537
37126;0.9546
37226;0.953
37326;0.9556
37426;0.954
37526;0.9535
37626;0.9494
37726;0.9588
37826;0.96
37926;0.9597
38026;0.9621
38126;0.942
38226;0.9414
38326;0.9492
38426;0.9552
38526;0.9573
38626;0.9529
38726;0.9485
38826;0.9564
38926;0.9558
39026;0.9601
39126;0.9531
39226;0.9468
39326;0.9608
39426;0.9629
39526;0.9575
39626;0.9567
39726;0.9516
39826;0.9452
39926;0.9502
40026;0.9535
40126;0.9621
40226;0.9636
40326;0.961
40426;0.9632
40526;0.96
40626;0.96
40726;0.9617
40826;0.9635
40926;0.9651
41026;0.9642
41126;0.9649
41226;0.9648
41326;0.9552
41426;0.9496
41526;0.9626
41626;0.9581
41726;0.9539
41826;0.9592
41926;0.9595
42026;0.9557
42126;0.9647
42226;0.9633
42326;0.9616
42426;0.9687
42526;0.9699
42626;0.9696
42726;0.9679
42826;0.969
42926;0.9697
43033;0.969
43133;0.967
43233;0.9685
43333;0.9682
43433;0.9683
43533;0.9665
43633;0.9688
43733;0.9674
43833;0.969
43933;0.9653
44033;0.9651
44133;0.9699
44233;0.9621
44333;0.9709
44433;0.964
44533;0.9712
44633;0.9648
44733;0.9702
44833;0.9705
44933;0.9737
45033;0.9691
45133;0.9685
45233;0.9421
45333;0.9709
45433;0.9691
45533;0.9625
45633;0.9586
45733;0.9628
45833;0.9693
45933;0.9678
46033;0.9553
46133;0.954
46233;0.9683
46333;0.9719
46433;0.976
46533;0.9749
46633;0.9772
46733;0.9771
46833;0.9762
46933;0.9756
47033;0.9738
47133;0.9773
47233;0.959
47333;0.9717
47433;0.9723
47533;0.9729
47633;0.979
47733;0.9777
47833;0.9778
47933;0.9769
48033;0.9751
48133;0.9786
48233;0.9795
48333;0.979
48433;0.9753
48533;0.9681
48633;0.9772
48733;0.9787
48833;0.979
48933;0.9711
49033;0.9757
49133;0.9747
49233;0.9808
49333;0.9766
49433;0.9759
49533;0.9765
49633;0.9784
49733;0.9777
49833;0.978
49933;0.9793
50033;0.9799
50133;0.9775
50235;0.9778
50335;0.9781
50435;0.9793
50535;0.9789
50635;0.9821
50735;0.9808
50835;0.9779
50935;0.973
51035;0.9767
51135;0.9746
51235;0.9742
51335;0.9736
51435;0.9742
51535;0.9746
51635;0.9772
51735;0.9805
51835;0.9801
51935;0.9793
52035;0.9818
52135;0.9801
52235;0.9793
52335;0.9796
52435;0.9794
52535;0.9786
52635;0.9808
52735;0.973
52835;0.981
52935;0.9802
53035;0.9814
53135;0.9798
53235;0.9788
53335;0.9787
53435;0.9773
53535;0.976
53635;0.9795
53735;0.9711
53835;0.9811
53935;0.9823
54035;0.9815
54135;0.9808
54235;0.9809
54335;0.9804
54435;0.9767
54535;0.9722
54635;0.9786
54735;0.9785
54835;0.9782
54935;0.9773
55035;0.9784
55135;0.9788
55235;0.9775
55335;0.9757
55435;0.9707
55535;0.9761
55635;0.9712
55735;0.9803
55835;0.968
55935;0.976
56035;0.9614
56135;0.9774
56235;0.9806
56335;0.9797
56435;0.9811
56535;0.9815
56635;0.9818
56735;0.9813
56835;0.9818
56935;0.9799
57035;0.9799
57135;0.9704
57235;0.9781
57335;0.9789
57435;0.978
57535;0.9787
57635;0.9777
57735;0.9775
57835;0.9758
57935;0.9711
58035;0.9752
58135;0.9804
58235;0.9812
58335;0.9818
58435;0.9812
58535;0.9807
58635;0.9804
58735;0.9822
58835;0.9824
58935;0.9817
59035;0.9812
59135;0.9802
59235;0.9812
59335;0.9815
59435;0.9806
59535;0.9732
59635;0.9533
59735;0.9739
59835;0.9785
59935;0.9757
60035;0.9671
60135;0.9596
60235;0.9716
60335;0.9672
60435;0.9678
2325281;FAILED
