10100;START
10100;0.8133
10202;0.8133
10302;0.8133
10402;0.8133
10502;0.8133
10602;0.8133
10702;0.8133
10802;0.8133
10902;0.8133
11002;0.8133
11102;0.8133
11202;0.8133
11302;0.8133
11402;0.8133
11502;0.8133
11602;0.8133
11702;0.8133
11802;0.8133
11902;0.8133
12002;0.8133
12102;0.8133
12202;0.8133
12302;0.8133
12402;0.8133
12502;0.8133
12602;0.8133
12702;0.8133
12802;0.8242
12902;0.8263
13002;0.8212
13102;0.8273
13202;0.825
13302;0.8124
13402;0.787
13502;0.8235
13611;0.8215
13711;0.8043
13811;0.8279
13911;0.8289
14011;0.8116
14111;0.8294
14211;0.8314
14311;0.8262
14411;0.807
14511;0.8243
14611;0.8302
14711;0.8264
14811;0.8329
14911;0.8279
15011;0.8219
15111;0.8335
15211;0.8259
15311;0.8303
15411;0.8318
15511;0.8343
15611;0.8314
15711;0.8306
15811;0.8347
15911;0.8273
16011;0.832
16111;0.8363
16211;0.8385
16311;0.8386
16411;0.842
16511;0.8407
16611;0.8431
16711;0.8368
16811;0.8409
16911;0.8413
17011;0.8468
17111;0.8523
17211;0.8468
17311;0.8344
17411;0.841
17511;0.8476
17611;0.8516
17711;0.851
17811;0.8388
17911;0.8484
18011;0.8453
18111;0.8461
18211;0.8551
18311;0.8571
18411;0.8514
18511;0.8596
18611;0.8586
18711;0.8594
18811;0.8521
18911;0.8558
19011;0.8535
19111;0.8538
19211;0.848
19311;0.848
19411;0.8378
19511;0.849
19611;0.846
19711;0.8518
19811;0.824
19911;0.84
20011;0.8398
20111;0.8529
20211;0.8499
20311;0.8366
20411;0.8492
20511;0.8552
20611;0.8537
20711;0.8556
20811;0.8589
20911;0.8661
21011;0.8751
21111;0.8728
21211;0.8669
21311;0.8716
21411;0.8646
21511;0.7967
21611;0.8654
21711;0.8552
21811;0.8636
21911;0.8623
22011;0.8734
22111;0.8751
22211;0.8623
22311;0.8702
22411;0.8571
22511;0.8738
22611;0.878
22711;0.8736
22811;0.8846
22911;0.8791
23011;0.8851
23111;0.8745
23211;0.8846
23311;0.8842
23411;0.879
23511;0.8828
23611;0.8816
23711;0.8811
23811;0.8818
23911;0.8844
24011;0.8542
24111;0.8567
24211;0.865
24311;0.8822
24411;0.8748
24511;0.8914
24611;0.8955
24711;0.8896
24811;0.8957
24911;0.8948
25011;0.892
25111;0.8983
25211;0.8984
25311;0.8972
25411;0.8845
25511;0.8923
25611;0.8558
25711;0.8886
25811;0.875
25911;0.8944
26011;0.8909
26111;0.9083
26211;0.9037
26311;0.9061
26411;0.9101
26511;0.9063
26611;0.8966
26711;0.9067
26811;0.9102
26911;0.9084
27011;0.9109
27111;0.9186
27211;0.8749
27311;0.9166
27416;0.917
27516;0.9095
27616;0.9069
27716;0.9205
27816;0.9165
27916;0.9194
28016;0.92
28116;0.9124
28216;0.9165
28316;0.9118
28416;0.916
28516;0.9181
28616;0.9208
28716;0.9109
28816;0.9158
28916;0.9124
29016;0.8923
29116;0.8718
29216;0.9073
29316;0.9088
29416;0.9197
29516;0.9153
29616;0.9282
29716;0.925
29816;0.9299
29916;0.9305
30016;0.9296
30116;0.9252
30216;0.9319
30316;0.9299
30416;0.9309
30516;0.9088
30616;0.9309
30716;0.9309
30816;0.9373
30928;0.9348
31028;0.9277
31128;0.9174
31228;0.9188
31328;0.9324
31428;0.9367
31528;0.9348
31628;0.9353
31728;0.9258
31828;0.9339
31928;0.931
32028;0.9255
32128;0.9345
32228;0.9311
32328;0.9372
32428;0.9323
32528;0.935
32628;0.9323
32728;0.9363
32828;0.9312
32928;0.9403
33028;0.94
33128;0.9384
33228;0.9366
33328;0.939
33428;0.9404
33528;0.9428
33628;0.942
33728;0.9418
33828;0.9425
33928;0.9455
34028;0.9476
34128;0.9391
34228;0.9478
34328;0.9412
34428;0.9493
34528;0.9474
34628;0.9492
34728;0.9454
34828;0.9435
34928;0.941
35028;0.946
35128;0.95
35228;0.9493
35328;0.9478
35432;0.9449
35532;0.9509
35632;0.9382
35732;0.9508
35832;0.9473
35932;0.9378
36032;0.949
36132;0.9464
36232;0.9412
36332;0.9434
36432;0.9383
36532;0.9346
36632;0.9507
36732;0.9485
36832;0.948
36932;0.9497
37032;0.9451
37132;0.9477
37232;0.9495
37332;0.95
37432;0.9527
37532;0.9506
37632;0.9551
37732;0.9552
37832;0.9513
37932;0.9534
38032;0.9374
38132;0.9511
38232;0.9465
38332;0.9426
38432;0.9547
38532;0.9446
38632;0.9459
38732;0.944
38832;0.9501
38932;0.9522
39032;0.9547
39132;0.9561
39232;0.9498
39332;0.9461
39432;0.9529
39532;0.9519
39632;0.948
39732;0.9508
39832;0.9555
39932;0.9536
40032;0.9582
40132;0.9538
40232;0.9576
40332;0.957
40432;0.9525
40532;0.9578
40632;0.9591
40732;0.9596
40832;0.9548
40932;0.952
41032;0.9579
41132;0.9574
41232;0.9601
41332;0.9627
41432;0.9547
41532;0.9621
41647;0.9586
41747;0.9582
41847;0.9609
41947;0.9486
42047;0.9636
42147;0.9617
42247;0.9543
42347;0.9496
42447;0.9564
42547;0.9615
42647;0.9604
42747;0.961
42847;0.9602
42947;0.9575
43047;0.9586
43147;0.9612
43247;0.9627
43347;0.9644
43447;0.9641
43547;0.9655
43647;0.9678
43747;0.9682
43847;0.9681
43947;0.9685
44047;0.9683
44147;0.9623
44247;0.963
44347;0.9626
44447;0.9619
44547;0.9622
44647;0.9558
44747;0.9648
44847;0.9517
44947;0.9613
45047;0.9636
45147;0.9566
45247;0.9607
45347;0.961
45447;0.9642
45547;0.9628
45647;0.9633
45747;0.9568
45847;0.9583
45947;0.9627
46047;0.9555
46147;0.9583
46247;0.955
46347;0.9579
46447;0.9581
46547;0.9665
46647;0.9625
46747;0.9592
46847;0.9658
46947;0.961
47047;0.9693
47147;0.9687
47247;0.9686
47347;0.9697
47447;0.9677
47547;0.9674
47647;0.9506
47747;0.9648
47847;0.9609
47947;0.9602
48047;0.9665
48147;0.9669
48247;0.9683
48347;0.9679
48447;0.9687
48547;0.9678
48647;0.9686
48747;0.9665
48847;0.9628
48947;0.9607
49047;0.9687
49147;0.9674
49247;0.9669
49347;0.9651
49447;0.9591
49547;0.9447
49647;0.9625
49747;0.9665
49847;0.9649
49947;0.9625
50047;0.9616
50147;0.9588
50247;0.9589
50347;0.9623
50447;0.9641
50547;0.9659
50647;0.9652
50747;0.9705
50847;0.9712
50947;0.9708
51047;0.9726
51147;0.9721
51247;0.9747
51347;0.9726
51447;0.9566
51547;0.9733
51647;0.9708
51747;0.9719
51847;0.9714
51947;0.9712
52047;0.9688
52147;0.962
52247;0.9535
52347;0.9489
52447;0.9552
52547;0.9679
52647;0.9563
52747;0.9694
52847;0.9722
52947;0.9685
53047;0.9549
1864690;FAILED
