10107;START
10107;0.8111
10207;0.8111
10307;0.8111
10407;0.8111
10507;0.8111
10607;0.8111
10707;0.8111
10807;0.8111
10907;0.8111
11007;0.8111
11107;0.8111
11207;0.8111
11307;0.8111
11407;0.8111
11507;0.8111
11607;0.8111
11707;0.8111
11807;0.811
11907;0.8111
12007;0.8111
12107;0.8111
12207;0.8111
12307;0.8111
12407;0.8113
12507;0.8118
12607;0.8173
12707;0.8172
12807;0.8247
12907;0.8255
13007;0.8254
13107;0.798
13207;0.8193
13307;0.8199
13407;0.8225
13507;0.8221
13607;0.8176
13707;0.8209
13807;0.8226
13907;0.8282
14007;0.828
14107;0.8232
14207;0.8311
14307;0.8322
14407;0.8023
14507;0.8284
14607;0.8266
14707;0.8331
14807;0.8376
14907;0.8327
15007;0.8327
15107;0.826
15207;0.8257
15307;0.8347
15407;0.8347
15507;0.8289
15607;0.8212
15707;0.8385
15807;0.8298
15907;0.8349
16007;0.8335
16107;0.8379
16207;0.8361
16307;0.8357
16407;0.8286
16507;0.8351
16607;0.835
16707;0.8438
16807;0.8432
16907;0.8262
17007;0.8483
17107;0.8468
17207;0.8376
17307;0.8516
17407;0.8551
17507;0.849
17607;0.85
17707;0.8505
17807;0.8583
17907;0.8552
18007;0.8549
18107;0.8544
18207;0.859
18307;0.858
18407;0.8631
18507;0.8684
18607;0.8667
18707;0.8647
18807;0.8545
18907;0.8594
19007;0.8611
19107;0.8681
19207;0.8666
19307;0.8619
19407;0.8694
19507;0.8531
19607;0.8578
19707;0.869
19807;0.8703
19907;0.8756
20007;0.8735
20107;0.8648
20207;0.871
20307;0.8711
20407;0.8759
20507;0.8742
20607;0.8644
20707;0.869
20807;0.8839
20907;0.8758
21007;0.8794
21107;0.8724
21207;0.8859
21307;0.8886
21407;0.8924
21507;0.8942
21607;0.8897
21707;0.8898
21807;0.8887
21907;0.8899
22007;0.8894
22107;0.8726
22207;0.8908
22307;0.8896
22407;0.8606
22507;0.8635
22607;0.9035
22707;0.8942
22807;0.9002
22907;0.8917
23007;0.8977
23107;0.8884
23207;0.8984
23307;0.9029
23407;0.8878
23507;0.8859
23607;0.8956
23707;0.8976
23807;0.903
23907;0.9059
24007;0.9084
24107;0.9067
24207;0.9066
24307;0.8944
24407;0.8963
24507;0.89
24607;0.8866
24707;0.8973
24807;0.9047
24907;0.8902
25007;0.9057
25107;0.9024
25207;0.9125
25307;0.915
25407;0.9069
25507;0.9122
25607;0.9052
25707;0.911
25807;0.9102
25907;0.9087
26007;0.9115
26107;0.9133
26207;0.9146
26307;0.9153
26407;0.8978
26507;0.9171
26607;0.9214
26707;0.9119
26807;0.9077
26907;0.9161
27007;0.9188
27107;0.9213
27207;0.9231
27307;0.9206
27407;0.9169
27507;0.9109
27607;0.9034
27707;0.9045
27807;0.9138
27907;0.9167
28007;0.9206
28107;0.9178
28207;0.9216
28307;0.9123
28407;0.9166
28507;0.9201
28607;0.9092
28707;0.9213
28807;0.9264
28907;0.9255
29007;0.926
29107;0.9241
29207;0.913
29307;0.9191
29407;0.9158
29507;0.9211
29607;0.9235
29707;0.9203
29807;0.9189
29907;0.9061
30007;0.9161
30107;0.9238
30207;0.9216
30307;0.9284
30407;0.9236
30507;0.9216
30607;0.925
30707;0.8979
30807;0.8916
30907;0.9122
31007;0.9228
31107;0.9238
31207;0.9255
31307;0.9252
31407;0.9217
31507;0.9272
31607;0.924
31707;0.9173
31807;0.9179
31907;0.9198
32007;0.9211
32107;0.9181
32207;0.9224
32307;0.9085
32407;0.9155
32507;0.9034
32607;0.9227
32707;0.9264
32807;0.9187
32907;0.9086
33007;0.923
33107;0.9276
33207;0.9188
33307;0.9225
33407;0.9292
33507;0.9292
33607;0.9304
33707;0.9264
33807;0.9302
33907;0.9316
34007;0.9259
34107;0.9278
34207;0.931
34307;0.929
34407;0.9233
34507;0.9158
34607;0.9166
34707;0.9174
34807;0.9207
34907;0.9259
35007;0.9234
35107;0.9196
35207;0.9269
35307;0.9306
35407;0.9316
35507;0.8988
35607;0.9271
35707;0.9311
35807;0.9322
35907;0.9307
36007;0.9269
36107;0.9289
36207;0.932
36307;0.9278
36407;0.9267
36507;0.926
36607;0.927
36707;0.9294
36807;0.9302
36907;0.9327
37007;0.9343
37107;0.9348
37207;0.9339
37307;0.9333
37407;0.9345
37507;0.9168
37607;0.9282
37707;0.9292
37807;0.9364
37907;0.933
38007;0.9306
38107;0.9295
38207;0.9347
38307;0.9249
38407;0.9374
38507;0.9365
38607;0.9339
38707;0.9342
38807;0.9306
38907;0.933
39007;0.9369
39107;0.9355
39207;0.9356
39307;0.9342
39407;0.9223
39507;0.9334
39607;0.9312
39707;0.9358
39807;0.9247
39907;0.9064
40007;0.9298
40107;0.9211
40207;0.926
40307;0.9327
40407;0.9355
40507;0.9342
40607;0.9313
40707;0.9366
40807;0.9326
40907;0.9363
41007;0.9358
41107;0.9349
41207;0.934
41307;0.9348
41407;0.9363
41507;0.9362
41607;0.9377
41707;0.9382
41807;0.9367
41907;0.9376
42007;0.9354
42107;0.9343
42207;0.9266
42307;0.9358
42407;0.936
42507;0.9279
42607;0.9364
42707;0.9351
42807;0.935
42907;0.9442
43007;0.9406
43107;0.9417
43207;0.9416
43307;0.9433
43407;0.9423
43507;0.9411
43607;0.9431
43707;0.9427
43807;0.9389
43907;0.9394
44007;0.9405
44107;0.9438
44207;0.9463
44307;0.9422
44407;0.9439
44507;0.9438
44607;0.9411
44707;0.9404
44807;0.9425
44907;0.9444
45007;0.9473
45107;0.9458
45207;0.947
45307;0.9378
45407;0.941
45507;0.9322
45607;0.9314
45707;0.9487
45807;0.9431
45907;0.9502
46007;0.9428
46107;0.9492
46207;0.9454
46307;0.9354
46407;0.9431
46507;0.9441
46607;0.9429
46707;0.9397
46807;0.9471
46907;0.9445
47007;0.9365
47107;0.9355
47207;0.9454
47307;0.9466
47407;0.944
47507;0.9487
47607;0.9323
47707;0.9439
47807;0.9435
47907;0.953
48007;0.939
48107;0.9521
48207;0.9497
48307;0.9539
48407;0.9535
48507;0.9572
48607;0.9569
48707;0.9496
48807;0.9553
48907;0.952
49007;0.9534
49112;0.9506
49212;0.9463
49312;0.9536
49412;0.9527
49512;0.9561
49612;0.9558
49712;0.9507
49812;0.9542
49912;0.955
50012;0.958
50112;0.9565
50212;0.9264
50312;0.9548
50412;0.9524
50512;0.9513
50612;0.9569
50712;0.9572
50812;0.9542
50912;0.9517
51012;0.9602
51112;0.9616
51212;0.9609
51312;0.955
51412;0.9536
51512;0.9574
51612;0.9578
51712;0.9611
51812;0.9621
51912;0.9624
52012;0.9478
52112;0.9596
52212;0.9412
52312;0.9521
52412;0.9642
52512;0.9552
52615;0.9584
52715;0.9519
52815;0.9604
52915;0.96
53015;0.9635
53115;0.9623
53215;0.9598
53315;0.9613
53415;0.958
53515;0.9604
53615;0.9616
53715;0.9602
53818;0.9652
53918;0.9626
54018;0.9622
54118;0.9634
54218;0.9639
54318;0.9659
54418;0.9626
54518;0.962
54618;0.9641
54718;0.9658
54818;0.9655
54918;0.965
55018;0.9641
55118;0.9661
55218;0.967
55318;0.9681
55418;0.9635
55518;0.9642
55618;0.9638
55718;0.9651
55818;0.9679
55918;0.9659
56018;0.9561
56118;0.9644
56218;0.9572
56318;0.9445
56418;0.9622
56518;0.9628
56618;0.9638
56718;0.9595
56818;0.9605
56918;0.9671
57018;0.9594
57118;0.9632
57218;0.9671
57318;0.9689
57418;0.9643
57518;0.9652
57618;0.9587
57718;0.9664
57818;0.9652
57918;0.9617
58018;0.9646
58118;0.9683
58218;0.9711
58318;0.9626
58418;0.9715
58518;0.95
58618;0.951
58718;0.9689
58818;0.9683
58918;0.963
59018;0.9667
59118;0.9708
59218;0.9705
59318;0.9685
59418;0.9597
59518;0.9663
59618;0.9652
59718;0.9651
59818;0.9712
59918;0.9697
60018;0.969
60118;0.9699
60218;0.9678
60318;0.9684
60418;0.9625
60518;0.9647
60618;0.963
60718;0.9693
60818;0.9672
60918;0.9584
61018;0.9483
61118;0.9662
61218;0.967
61318;0.9639
61418;0.9671
61518;0.9691
61618;0.9722
61718;0.9737
61818;0.9734
61918;0.9672
62018;0.968
62118;0.9671
62218;0.9686
62318;0.9687
62418;0.9728
62518;0.9728
62618;0.9732
62718;0.9623
62818;0.9716
62918;0.9647
63018;0.9648
63118;0.9676
63218;0.9714
63318;0.9706
63418;0.9671
63518;0.9686
63618;0.9712
63718;0.9704
63818;0.9733
63918;0.9653
64018;0.9724
64118;0.9764
64218;0.9747
64318;0.9734
64418;0.9732
64518;0.9718
64618;0.9761
64718;0.9661
64818;0.9741
64918;0.9679
65018;0.9681
65118;0.9723
65218;0.9761
65318;0.9692
65418;0.9758
65518;0.9733
65618;0.9698
65718;0.9689
65818;0.9704
65918;0.9726
66018;0.9703
66118;0.9737
66218;0.9754
66318;0.9754
66418;0.9743
66518;0.9741
66618;0.9729
66718;0.9728
66818;0.972
66918;0.9748
67018;0.9742
67118;0.9738
67218;0.9738
67318;0.9736
67418;0.9707
67518;0.975
67618;0.974
67718;0.9766
67818;0.9762
67918;0.9751
68018;0.9747
68118;0.9558
68218;0.9698
68318;0.9717
68418;0.972
68518;0.9686
68618;0.9721
68718;0.9718
68818;0.9599
2237295;FAILED
