10100;START
10100;0.8098
10200;0.8098
10300;0.8098
10400;0.8098
10500;0.8098
10600;0.8098
10700;0.8098
10800;0.8098
10900;0.8098
11000;0.8098
11100;0.8098
11200;0.8098
11300;0.8098
11400;0.8098
11500;0.8098
11600;0.8098
11700;0.8098
11800;0.8098
11900;0.8098
12000;0.8098
12100;0.8098
12200;0.8098
12300;0.8098
12400;0.8098
12500;0.8098
12600;0.8098
12700;0.8098
12800;0.8098
12900;0.8157
13000;0.8211
13100;0.8204
13200;0.8242
13300;0.826
13400;0.8217
13500;0.8279
13600;0.8301
13700;0.8308
13800;0.8294
13900;0.8179
14000;0.8284
14100;0.832
14200;0.8229
14300;0.8037
14400;0.8336
14500;0.7971
14600;0.831
14700;0.8344
14800;0.8329
14900;0.8328
15000;0.8262
15100;0.8321
15200;0.8346
15300;0.8094
15400;0.832
15500;0.8315
15600;0.832
15700;0.8339
15800;0.8375
15900;0.8217
16000;0.8325
16100;0.8338
16200;0.8371
16300;0.8387
16400;0.8373
16500;0.8386
16600;0.8282
16700;0.8382
16800;0.8318
16900;0.8432
17000;0.8338
17100;0.8299
17200;0.8434
17300;0.8455
17400;0.8368
17500;0.8484
17600;0.8323
17700;0.8509
17800;0.8436
17900;0.8436
18000;0.8501
18100;0.8392
18200;0.8524
18300;0.8507
18400;0.8526
18500;0.8388
18600;0.8584
18700;0.8564
18800;0.8552
18900;0.8493
19000;0.8552
19100;0.8606
19200;0.8626
19300;0.8569
19400;0.8667
19500;0.8548
19600;0.8598
19700;0.8582
19800;0.8609
19900;0.8612
20000;0.8598
20100;0.8644
20200;0.8586
20300;0.8652
20400;0.858
20500;0.8643
20600;0.8611
20700;0.8552
20800;0.8618
20900;0.872
21000;0.8742
21100;0.8759
21200;0.878
21300;0.8502
21400;0.8724
21500;0.8662
21600;0.8648
21700;0.8743
21800;0.8682
21900;0.8614
22000;0.8791
22100;0.8761
22200;0.8767
22300;0.8636
22400;0.8765
22500;0.8583
22600;0.8738
22700;0.8882
22800;0.8864
22900;0.8885
23000;0.8744
23100;0.8794
23200;0.869
23300;0.8447
23400;0.8643
23500;0.8739
23600;0.8775
23700;0.8833
23800;0.8866
23900;0.8845
24000;0.8823
24100;0.8764
24200;0.8842
24300;0.8788
24400;0.8778
24500;0.8795
24600;0.8785
24700;0.8809
24800;0.8803
24907;0.8839
25007;0.8938
25107;0.8902
25207;0.8648
25307;0.8853
25407;0.8722
25507;0.8885
25607;0.8814
25707;0.8842
25807;0.8803
25907;0.8897
26007;0.8831
26107;0.8887
26207;0.8883
26307;0.8872
26407;0.8817
26507;0.8933
26607;0.8961
26707;0.8938
26807;0.8896
26907;0.8911
27007;0.8956
27107;0.8956
27207;0.8976
27307;0.8994
27407;0.8972
27507;0.8924
27607;0.9022
27707;0.8997
27807;0.9025
27907;0.8982
28007;0.8944
28107;0.8988
28207;0.9
28307;0.9072
28407;0.9066
28507;0.8948
28607;0.9006
28707;0.8958
28807;0.8987
28907;0.8952
29007;0.8859
29107;0.9082
29207;0.9008
29307;0.8843
29407;0.9036
29507;0.8996
29607;0.9048
29707;0.9053
29807;0.9041
29907;0.912
30007;0.9164
30107;0.9178
30207;0.909
30307;0.9144
30407;0.9167
30507;0.9211
30607;0.9163
30707;0.9166
30807;0.9121
30907;0.9174
31007;0.9103
31107;0.9141
31207;0.9103
31307;0.9077
31407;0.9132
31507;0.9012
31607;0.9178
31707;0.9094
31807;0.9207
31907;0.912
32007;0.9272
32107;0.9143
32207;0.9152
32307;0.9202
32407;0.9207
32507;0.9222
32607;0.9226
32707;0.9201
32807;0.9232
32907;0.9213
33007;0.9081
33107;0.9211
33207;0.924
33307;0.9235
33407;0.9247
33507;0.9262
33607;0.9246
33707;0.9122
33807;0.9215
33907;0.9147
34007;0.9183
34107;0.9237
34207;0.9199
34307;0.9188
34407;0.9149
34507;0.9189
34607;0.9074
34707;0.9227
34807;0.9229
34907;0.8981
35007;0.9147
35107;0.9128
35207;0.9103
35307;0.9198
35407;0.9221
35507;0.9245
35607;0.9042
35707;0.9224
35807;0.9212
35907;0.926
36007;0.9271
36107;0.9282
36207;0.9256
36307;0.9285
36407;0.9228
36507;0.9189
36607;0.9258
36707;0.9259
36807;0.9176
36907;0.9315
37007;0.9199
37107;0.9191
37207;0.9269
37307;0.9239
37407;0.9284
37507;0.9269
37607;0.9286
37707;0.9325
37807;0.9235
37907;0.9346
38007;0.9314
38107;0.9346
38207;0.9337
38307;0.9142
38407;0.9374
38507;0.9335
38607;0.9319
38707;0.9259
38807;0.9316
38907;0.9302
39007;0.9222
39107;0.9346
39207;0.9222
39307;0.9165
39407;0.9281
39507;0.9244
39607;0.9381
39707;0.9408
39807;0.9403
39907;0.9391
40007;0.9387
40107;0.9387
40207;0.9389
40307;0.938
40407;0.9335
40507;0.9407
40607;0.9386
40707;0.9374
40807;0.9371
40907;0.9358
41007;0.9414
41107;0.9422
41207;0.9409
41307;0.9268
41407;0.9228
41507;0.9229
41607;0.9278
41707;0.9322
41807;0.9285
41907;0.9308
42007;0.936
42107;0.9351
42207;0.941
42307;0.943
42407;0.9412
42507;0.9385
42607;0.9407
42707;0.9403
42807;0.9401
42907;0.9378
43007;0.94
43107;0.9287
43207;0.9354
43307;0.9435
43407;0.9446
43507;0.9378
43607;0.9367
43707;0.9468
43807;0.9405
43907;0.9391
44007;0.944
44107;0.9447
44207;0.9303
44307;0.9269
44407;0.9341
44507;0.9487
44607;0.9462
44707;0.945
44807;0.9449
44907;0.9426
45007;0.9472
45107;0.9441
45207;0.9421
45307;0.9372
45407;0.9364
45507;0.9379
45607;0.9468
45707;0.9422
45807;0.9284
45907;0.9454
46007;0.9418
46107;0.9434
46207;0.9423
46307;0.9441
46407;0.9479
46507;0.9501
46607;0.9478
46707;0.947
46807;0.9481
46907;0.9288
47007;0.939
47107;0.9529
47207;0.946
47307;0.9561
47407;0.9581
47507;0.9575
47607;0.9533
47707;0.9494
47807;0.9549
47907;0.9533
48007;0.9514
48107;0.9549
48207;0.94
48307;0.9576
48407;0.9558
48507;0.9577
48607;0.9431
48707;0.9542
48807;0.9527
48907;0.9483
49007;0.9515
49107;0.9561
49207;0.9577
49307;0.9604
49407;0.9573
49507;0.9533
49607;0.959
49707;0.9513
49807;0.9549
49907;0.9523
50007;0.9557
50107;0.9543
50207;0.9534
50307;0.9494
50407;0.933
50507;0.954
50607;0.9523
50707;0.9579
50807;0.9375
50907;0.9526
51007;0.9478
51107;0.946
51207;0.951
51307;0.9491
51407;0.9442
51507;0.9468
51607;0.9547
51707;0.9559
51807;0.9562
51907;0.9594
52007;0.9528
52107;0.9587
52207;0.9601
52307;0.9598
52407;0.9611
52507;0.9623
52607;0.9621
52707;0.9625
52807;0.9611
52907;0.9603
53007;0.9609
53107;0.9619
53207;0.9587
53307;0.9606
53407;0.9615
53507;0.962
53607;0.9614
53707;0.9636
53807;0.964
53907;0.9656
54007;0.9651
54107;0.9655
54207;0.9653
54307;0.9691
54407;0.9674
54507;0.9674
54607;0.9675
54707;0.9659
54807;0.9638
54907;0.9643
55007;0.9606
55107;0.9543
55207;0.9529
55307;0.9555
55407;0.9676
55507;0.9636
55607;0.9657
55707;0.9646
55807;0.9599
55907;0.9637
56007;0.965
56107;0.9618
56207;0.9631
56307;0.965
56407;0.9679
56507;0.9701
56607;0.9691
56707;0.9721
56807;0.9684
56907;0.9718
57007;0.9729
57107;0.9708
57207;0.9706
57307;0.9722
57407;0.9728
57507;0.958
57607;0.9608
57707;0.9653
57807;0.9678
57907;0.9644
58007;0.9675
58107;0.9703
58207;0.9676
58307;0.9548
58407;0.9548
58507;0.9538
1839685;FAILED
