10100;START
10100;0.8147
10200;0.8147
10300;0.8147
10400;0.8147
10500;0.8147
10600;0.8147
10700;0.8147
10800;0.8147
10900;0.8147
11000;0.8147
11100;0.8147
11200;0.8147
11300;0.8147
11400;0.8148
11500;0.8159
11600;0.806
11700;0.8185
11800;0.8187
11900;0.7991
12000;0.7911
12100;0.8175
12200;0.7931
12300;0.7905
12400;0.7977
12500;0.8197
12600;0.818
12700;0.8167
12800;0.8269
12900;0.8247
13000;0.8274
13100;0.8247
13200;0.8276
13300;0.8274
13400;0.8256
13500;0.8303
13600;0.8225
13700;0.8258
13800;0.8178
13900;0.8265
14000;0.8302
14100;0.8314
14200;0.8333
14300;0.8337
14400;0.8332
14500;0.8305
14600;0.8369
14700;0.8372
14800;0.8321
14900;0.8241
15000;0.8356
15100;0.8353
15200;0.8354
15300;0.8258
15400;0.8318
15500;0.827
15600;0.8314
15700;0.8333
15800;0.8344
15900;0.8363
16000;0.8323
16100;0.8387
16200;0.8317
16300;0.8343
16400;0.838
16500;0.8374
16600;0.8385
16700;0.839
16800;0.8362
16900;0.8389
17000;0.8307
17100;0.8372
17200;0.8356
17300;0.8396
17400;0.8448
17500;0.8329
17600;0.8443
17700;0.8391
17800;0.8441
17900;0.8484
18000;0.8368
18100;0.8468
18200;0.8426
18300;0.8201
18400;0.8519
18500;0.8525
18600;0.8557
18700;0.8519
18800;0.8558
18900;0.8505
19000;0.8456
19100;0.8482
19200;0.8576
19300;0.8601
19400;0.8633
19500;0.8588
19600;0.8544
19700;0.8587
19800;0.8632
19900;0.8627
20000;0.8601
20100;0.8674
20200;0.8683
20300;0.8626
20400;0.8584
20500;0.8693
20600;0.8674
20700;0.8655
20800;0.8742
20900;0.8768
21000;0.873
21100;0.8759
21200;0.8752
21300;0.861
21400;0.8809
21500;0.8631
21600;0.8642
21700;0.8571
21800;0.8738
21900;0.8819
22000;0.8811
22100;0.8752
22200;0.8681
22300;0.8782
22400;0.8805
22500;0.8835
22600;0.8691
22700;0.8743
22800;0.8791
22900;0.8865
23000;0.8835
23100;0.8874
23200;0.8875
23300;0.858
23400;0.8614
23500;0.8839
23600;0.875
23700;0.8941
23800;0.8955
23900;0.8959
24000;0.8902
24100;0.8963
24200;0.8992
24300;0.8968
24400;0.902
24500;0.8981
24600;0.8984
24700;0.8843
24800;0.8942
24900;0.8971
25000;0.9006
25100;0.9009
25200;0.9056
25300;0.9044
25400;0.9061
25500;0.9045
25600;0.9036
25700;0.9039
25800;0.8982
25900;0.9025
26000;0.9003
26100;0.8877
26200;0.9002
26300;0.8934
26400;0.8849
26500;0.9004
26600;0.9024
26700;0.9059
26800;0.9127
26900;0.91
27000;0.9071
27100;0.9108
27200;0.8972
27300;0.9028
27400;0.9051
27500;0.902
27600;0.9023
27700;0.9117
27800;0.9174
27900;0.9182
28000;0.9114
28100;0.9181
28200;0.908
28300;0.9154
28400;0.9188
28500;0.9205
28600;0.9127
28700;0.9088
28800;0.9095
28900;0.9142
29000;0.9152
29100;0.9059
29200;0.905
29300;0.9023
29400;0.9132
29500;0.9096
29600;0.9205
29700;0.9072
29800;0.9158
29900;0.9181
30000;0.9152
30100;0.9137
30200;0.9181
30300;0.9193
30400;0.9165
30500;0.9116
30600;0.9145
30700;0.931
30800;0.9328
30900;0.9304
31000;0.9299
31100;0.9278
31200;0.9237
31300;0.9197
31400;0.9107
31500;0.9256
31600;0.9249
31700;0.9271
31800;0.9259
31900;0.932
32000;0.9274
32100;0.9325
32200;0.9293
32300;0.9288
32400;0.929
32500;0.9321
32600;0.9348
32700;0.9376
32800;0.9373
32900;0.9301
33000;0.9346
33100;0.9304
33200;0.9347
33300;0.9367
33400;0.924
33500;0.9358
33600;0.9358
33700;0.9255
33800;0.9402
33900;0.9375
34000;0.912
34100;0.9406
34200;0.9389
34300;0.9271
34400;0.938
34500;0.9402
34600;0.9425
34700;0.9386
34800;0.9439
34900;0.941
35000;0.9435
35100;0.9454
35200;0.9171
35300;0.8999
35400;0.9295
35500;0.9353
35600;0.9397
35700;0.9417
35800;0.9374
35900;0.9243
36000;0.9314
36100;0.9279
36200;0.927
36300;0.9416
36400;0.9306
36500;0.9464
36600;0.9483
36700;0.9454
36800;0.9411
36900;0.9395
37000;0.9441
37100;0.9499
37200;0.9515
37300;0.9504
37400;0.9454
37500;0.9502
37600;0.9491
37700;0.9499
37800;0.9428
37900;0.9474
38000;0.9406
38100;0.951
38200;0.9369
38300;0.9477
38400;0.9458
38500;0.9525
38600;0.9516
38700;0.9532
38800;0.9512
38900;0.951
39000;0.9503
39100;0.9348
39200;0.9522
39300;0.9486
39400;0.9375
39500;0.9484
39600;0.9486
39700;0.9467
39800;0.9493
39900;0.9523
40000;0.9538
40100;0.9538
40200;0.9491
40300;0.9537
40400;0.9324
40500;0.9283
40600;0.9503
40700;0.9498
40800;0.9528
40900;0.9535
41000;0.9556
41100;0.9564
41200;0.9572
41300;0.9553
41400;0.9549
41500;0.9563
41600;0.9566
41700;0.955
41800;0.9538
41900;0.9523
42000;0.9513
42100;0.9505
42200;0.9581
42300;0.9572
42400;0.9576
42500;0.954
42600;0.9481
42700;0.9508
42800;0.9238
42900;0.9544
43000;0.954
43100;0.9529
43200;0.9557
43300;0.9568
43400;0.9226
43500;0.9597
43600;0.9597
43700;0.9573
43800;0.9566
43900;0.9587
44000;0.9567
44100;0.958
44200;0.9517
44300;0.9439
44400;0.9541
44500;0.955
44600;0.9566
44700;0.9507
44807;0.9599
44907;0.9602
45007;0.959
45107;0.9608
45207;0.9602
45307;0.96
45407;0.9607
45507;0.9095
1539980;FAILED
