10100;START
10100;0.8109
10200;0.8109
10300;0.8109
10400;0.8109
10500;0.8109
10600;0.8109
10700;0.8109
10800;0.8109
10900;0.8109
11000;0.8109
11100;0.8109
11200;0.8109
11300;0.8109
11400;0.8109
11500;0.8109
11600;0.8117
11700;0.8149
11800;0.8236
11900;0.8057
12000;0.8122
12100;0.819
12200;0.8191
12300;0.8223
12400;0.8265
12500;0.83
12600;0.8124
12700;0.8243
12800;0.8347
12900;0.8324
13000;0.8315
13100;0.8266
13200;0.8376
13300;0.84
13400;0.8371
13500;0.8354
13600;0.8338
13700;0.8334
13800;0.8368
13900;0.8224
14000;0.8403
14100;0.826
14200;0.8304
14300;0.8363
14400;0.8433
14500;0.8435
14600;0.8256
14700;0.8427
14800;0.8403
14900;0.808
15000;0.8341
15100;0.8304
15200;0.8337
15300;0.8366
15400;0.8386
15500;0.8408
15600;0.8377
15700;0.8418
15800;0.8441
15900;0.8415
16000;0.8347
16100;0.8358
16200;0.8418
16300;0.8447
16400;0.837
16500;0.8409
16600;0.8377
16700;0.8464
16800;0.8487
16900;0.8531
17000;0.8573
17100;0.8572
17200;0.8594
17300;0.853
17400;0.8602
17500;0.8505
17600;0.8515
17700;0.862
17800;0.8358
17900;0.8595
18000;0.8566
18100;0.8613
18200;0.8608
18300;0.8362
18400;0.866
18500;0.8542
18600;0.8678
18700;0.8615
18800;0.8664
18900;0.8286
19000;0.8621
19100;0.8648
19200;0.8663
19300;0.8681
19400;0.8639
19500;0.8749
19600;0.8703
19700;0.8651
19800;0.8653
19900;0.8701
20000;0.8768
20100;0.8777
20200;0.8797
20300;0.8812
20400;0.8847
20500;0.8794
20600;0.8808
20700;0.8813
20800;0.8776
20900;0.883
21000;0.8829
21100;0.8869
21200;0.87
21300;0.8803
21400;0.8618
21500;0.8815
21600;0.8782
21700;0.8842
21800;0.8847
21900;0.8896
22000;0.8913
22100;0.8891
22200;0.8906
22300;0.8886
22400;0.8889
22500;0.8867
22600;0.8911
22700;0.8983
22800;0.8917
22900;0.8878
23000;0.8889
23100;0.8963
23200;0.8919
23300;0.896
23400;0.8943
23500;0.8919
23600;0.8848
23700;0.8826
23800;0.8886
23900;0.8885
24000;0.8876
24100;0.8802
24200;0.896
24300;0.9016
24400;0.9031
24500;0.881
24600;0.8919
24700;0.9
24800;0.8972
24900;0.8933
25000;0.8963
25100;0.903
25200;0.9048
25300;0.8991
25400;0.9076
25500;0.8943
25600;0.8933
25700;0.8933
25800;0.9032
25900;0.9121
26000;0.9066
26100;0.8995
26200;0.9038
26300;0.9059
26400;0.8934
26500;0.9075
26600;0.9059
26700;0.9015
26800;0.9033
26900;0.9056
27000;0.9011
27100;0.8969
27200;0.9087
27300;0.9056
27400;0.9061
27500;0.9101
27600;0.9111
27700;0.912
27800;0.9129
27900;0.9021
28000;0.9106
28100;0.9047
28200;0.9154
28300;0.9145
28400;0.902
28500;0.9049
28600;0.9113
28700;0.9092
28800;0.9109
28900;0.9041
29000;0.9053
29100;0.9099
29200;0.9143
29300;0.9127
29400;0.9114
29500;0.9159
29600;0.9073
29700;0.912
29800;0.9122
29900;0.9132
30000;0.9099
30100;0.9076
30200;0.9091
30300;0.9111
30400;0.9141
30500;0.9173
30600;0.906
30700;0.9103
30800;0.9123
30900;0.9178
31000;0.9127
31100;0.9187
31200;0.9182
31300;0.9162
31400;0.9182
31500;0.908
31600;0.9173
31700;0.9034
31800;0.9073
31900;0.9219
32000;0.9214
32100;0.9186
32200;0.914
32300;0.9224
32400;0.9175
32500;0.9131
32600;0.9222
32700;0.9234
32800;0.9192
32902;0.9247
33002;0.9178
33102;0.9213
33202;0.9235
33302;0.9146
33402;0.929
33502;0.9232
33602;0.9183
33702;0.9226
33802;0.9257
33902;0.9238
34002;0.9316
34102;0.9241
34202;0.9226
34302;0.9215
34402;0.93
34502;0.9236
34602;0.9192
34702;0.9226
34802;0.9262
34902;0.9285
35002;0.9278
35102;0.9323
35202;0.9291
35302;0.929
35402;0.9311
35502;0.9201
35602;0.9296
35702;0.936
35802;0.9285
35902;0.9357
36002;0.929
36102;0.9201
36202;0.9318
36302;0.9093
36402;0.9252
36502;0.926
36602;0.9369
36702;0.9369
36802;0.9317
36902;0.9382
37002;0.9401
37102;0.9403
37202;0.9385
37302;0.9388
37402;0.9385
37502;0.9345
37602;0.9376
37702;0.9373
37802;0.9337
37902;0.9257
38002;0.9428
38102;0.9429
38202;0.931
38302;0.9396
38402;0.9267
38502;0.9369
38602;0.9388
38702;0.9365
38802;0.934
38902;0.935
39002;0.9378
39102;0.9327
39202;0.9188
39302;0.9439
39402;0.944
39502;0.9399
39602;0.9412
39702;0.9379
39802;0.9427
39902;0.9372
40002;0.9409
40102;0.939
40202;0.938
40302;0.9368
40402;0.9447
40502;0.9438
40602;0.9337
40702;0.9329
40802;0.947
40902;0.946
41002;0.949
41102;0.952
41202;0.9454
41302;0.9497
41402;0.949
41502;0.9447
41602;0.95
41702;0.9447
41802;0.9462
41902;0.9457
42002;0.9492
42102;0.95
42202;0.9476
42302;0.9487
42402;0.9489
42502;0.9499
42602;0.9482
42702;0.9348
42802;0.9384
42902;0.9472
43002;0.9516
43102;0.947
43202;0.938
43302;0.9486
43402;0.9378
43502;0.9467
43602;0.9491
43702;0.953
43802;0.9465
43902;0.9525
44002;0.9539
44102;0.9547
44202;0.95
44302;0.9484
44402;0.9263
44502;0.9524
44602;0.9563
44702;0.9558
44802;0.9494
44902;0.9526
45002;0.9518
45102;0.9575
45202;0.9527
45302;0.9379
45402;0.9587
45502;0.958
45602;0.9584
45702;0.9551
45802;0.9594
45902;0.9626
46002;0.9619
46102;0.9621
46202;0.9593
46302;0.9612
46402;0.9618
46502;0.9621
46602;0.9633
46702;0.9534
46802;0.9602
46902;0.961
47002;0.9551
47102;0.9575
47202;0.9624
47302;0.9605
47402;0.9616
47502;0.9624
47602;0.9607
47702;0.9603
47802;0.9658
47902;0.9626
48003;0.9625
48103;0.951
48203;0.9587
48303;0.953
48403;0.9509
48503;0.9491
48603;0.948
48703;0.9545
48803;0.958
48903;0.9613
49003;0.9444
49103;0.9575
49203;0.9602
49303;0.96
49403;0.9582
49503;0.9563
49603;0.9501
49703;0.9473
49803;0.9553
49903;0.9585
50003;0.9567
50103;0.9588
50203;0.9617
50303;0.9626
50403;0.9586
50503;0.9638
50603;0.9618
50703;0.9662
50803;0.9665
50903;0.9626
51003;0.966
51103;0.9622
51203;0.9646
51303;0.9691
51403;0.9669
51503;0.9661
51603;0.9601
51703;0.9642
51803;0.9603
51903;0.9657
52003;0.9629
52103;0.9562
52203;0.9424
52303;0.9605
52403;0.961
52503;0.963
52603;0.9491
52703;0.9648
52803;0.9555
52903;0.9574
53003;0.9664
53103;0.9685
53203;0.9679
53303;0.9662
53403;0.9713
53503;0.9717
53603;0.9681
53703;0.9697
53803;0.9699
53903;0.9671
54003;0.9579
54103;0.9675
54203;0.9703
54303;0.9674
54403;0.957
54503;0.9676
54603;0.9707
54703;0.9681
54803;0.9685
54903;0.9656
55003;0.9676
55103;0.9721
55203;0.9677
55303;0.9717
55403;0.9718
55503;0.9718
55603;0.9718
55703;0.9697
55803;0.9716
55903;0.9649
56003;0.9656
56103;0.968
56203;0.9578
56303;0.9662
56403;0.97
56503;0.9693
56603;0.9678
56703;0.9685
56803;0.9729
56903;0.9709
57003;0.9737
57103;0.9722
57203;0.9698
57303;0.9715
57403;0.9745
57503;0.974
57603;0.9741
57703;0.9688
57803;0.9698
57903;0.9744
58003;0.9741
58103;0.9723
58203;0.9623
58303;0.9626
58403;0.9689
58503;0.9627
58603;0.9651
58703;0.9721
58803;0.9737
58903;0.9766
59003;0.9761
59103;0.9751
59203;0.9745
59303;0.9684
59403;0.9505
59503;0.9738
59603;0.9543
59703;0.9722
59803;0.9724
59903;0.9717
60003;0.9715
60103;0.9717
60203;0.971
60303;0.9733
60403;0.9709
60503;0.9628
60603;0.9633
60703;0.9715
60803;0.9709
60903;0.9719
61003;0.971
61103;0.9735
61203;0.9725
61303;0.9748
61404;0.9743
61504;0.9735
61604;0.9765
61704;0.9782
61804;0.9774
61904;0.9779
62004;0.9773
62104;0.9726
62204;0.969
62304;0.9688
62404;0.9711
62504;0.9697
62604;0.971
62704;0.9744
62804;0.9734
62904;0.9776
63004;0.9793
63104;0.9795
63204;0.9774
63304;0.9803
63404;0.9794
63504;0.9788
63604;0.9781
63704;0.9737
63804;0.9781
63904;0.9789
64004;0.9786
64104;0.978
64204;0.9781
64304;0.9779
64404;0.9751
64512;0.9741
64612;0.9747
64712;0.975
64812;0.978
64912;0.9793
65012;0.9791
65112;0.9793
65212;0.9759
65312;0.9784
65412;0.978
65512;0.975
65612;0.9698
65712;0.9711
65812;0.9789
65912;0.9713
66012;0.973
66112;0.9771
66212;0.9768
66312;0.9777
66412;0.9773
66512;0.971
66612;0.9736
66712;0.9725
66812;0.9631
66912;0.9688
67012;0.9728
67112;0.9766
67212;0.9729
67312;0.9765
67412;0.9779
67512;0.9779
67612;0.9783
67712;0.9776
67812;0.9786
67912;0.9792
68012;0.9798
68112;0.98
68212;0.9791
68312;0.9792
68412;0.9801
68512;0.979
68612;0.9777
68712;0.9781
68812;0.9779
68912;0.978
69012;0.9785
69112;0.9727
69212;0.9788
69312;0.9774
69412;0.9776
69512;0.9754
69612;0.9723
69712;0.9649
69812;0.971
69912;0.9695
70012;0.9748
70112;0.9721
70212;0.9739
70312;0.9714
70412;0.9711
70512;0.9746
70612;0.9773
70712;0.9741
70812;0.974
70912;0.9751
71012;0.9752
71112;0.9727
71212;0.9708
71312;0.9785
71412;0.9799
71512;0.9813
71612;0.9815
71712;0.9812
71812;0.9819
71912;0.9815
72016;0.9777
72116;0.9799
72216;0.9809
72316;0.9816
72416;0.9816
72516;0.9772
72616;0.9822
72716;0.9824
72816;0.9825
72916;0.9812
73016;0.9799
73116;0.9797
73216;0.9807
73316;0.9817
73416;0.9821
73516;0.9821
73616;0.9823
73716;0.9828
73816;0.9821
73916;0.9822
74016;0.9824
74116;0.9812
74216;0.9765
74316;0.9809
74416;0.9813
74516;0.9812
74616;0.9796
74716;0.9769
74816;0.9803
74916;0.9807
75016;0.9794
75116;0.981
75216;0.9781
75316;0.9833
75416;0.9809
75516;0.9828
75616;0.9852
75716;0.9827
75816;0.9832
75916;0.9774
76016;0.9828
76116;0.9816
76216;0.9735
76316;0.9692
76416;0.9798
76516;0.979
76616;0.981
76716;0.9809
76816;0.9822
76916;0.9845
77016;0.9862
77116;0.985
77216;0.9833
77316;0.9809
77416;0.984
77516;0.9849
77616;0.984
77716;0.9849
77816;0.9832
77916;0.985
78016;0.9846
78116;0.9844
78216;0.9809
78316;0.9793
78416;0.9867
78516;0.9878
78626;0.9883
78726;0.9879
78826;0.988
78926;0.9871
79026;0.9852
79126;0.9774
79226;0.9868
79326;0.9769
79426;0.9801
79526;0.9835
79626;0.9864
79726;0.9874
79826;0.9856
79926;0.9859
80026;0.9874
80126;0.979
80226;0.9717
80326;0.986
80426;0.9789
80526;0.9817
80626;0.9824
80726;0.9784
80826;0.9778
80926;0.9856
81026;0.9799
81126;0.9857
81226;0.9856
81326;0.9826
81426;0.9847
81526;0.9843
81626;0.983
81726;0.9748
2057177;FAILED
