10100;START
10100;0.8091
10200;0.8091
10300;0.8091
10400;0.8091
10500;0.8091
10600;0.8091
10700;0.8091
10800;0.8091
10900;0.8091
11000;0.8091
11109;0.8091
11209;0.8091
11309;0.8091
11409;0.8091
11509;0.8091
11609;0.8091
11709;0.8091
11809;0.8091
11909;0.8091
12009;0.8091
12109;0.8091
12209;0.8045
12309;0.8085
12409;0.7971
12509;0.8183
12609;0.8177
12709;0.8075
12809;0.809
12909;0.8175
13009;0.8142
13109;0.8255
13209;0.8274
13309;0.8221
13409;0.8152
13509;0.811
13609;0.8242
13709;0.8111
13809;0.8337
13909;0.8336
14009;0.8329
14109;0.8376
14209;0.8327
14309;0.799
14409;0.8158
14509;0.8048
14609;0.8445
14709;0.8463
14809;0.8293
14909;0.8305
15009;0.826
15109;0.8388
15209;0.8438
15309;0.8402
15409;0.8465
15509;0.8467
15609;0.8497
15709;0.8468
15819;0.8477
15919;0.8513
16019;0.8526
16119;0.8509
16219;0.8556
16319;0.8484
16419;0.8402
16519;0.8529
16619;0.8479
16719;0.8518
16819;0.8471
16919;0.8575
17019;0.8588
17119;0.8624
17219;0.8678
17319;0.8573
17419;0.8523
17519;0.8614
17619;0.8627
17719;0.8685
17819;0.8657
17919;0.8665
18019;0.8647
18119;0.8762
18219;0.8765
18319;0.8651
18419;0.8524
18519;0.865
18619;0.8733
18719;0.8658
18819;0.8534
18919;0.8719
19019;0.8683
19119;0.8772
19219;0.8752
19319;0.8722
19419;0.8807
19519;0.8692
19619;0.8839
19719;0.88
19819;0.8796
19919;0.886
20019;0.8773
20119;0.885
20219;0.8908
20319;0.8622
20419;0.877
20519;0.8853
20619;0.8842
20719;0.8888
20819;0.8872
20919;0.8865
21019;0.8952
21119;0.8953
21219;0.8889
21319;0.8853
21419;0.8856
21519;0.8909
21619;0.8943
21719;0.8867
21819;0.8835
21919;0.8981
22019;0.9018
22119;0.8999
22219;0.8959
22319;0.8982
22419;0.889
22519;0.8812
22619;0.8998
22719;0.9045
22819;0.8945
22919;0.8916
23019;0.9065
23119;0.9065
23219;0.9078
23319;0.9052
23419;0.9073
23519;0.9055
23619;0.9018
23719;0.9105
23819;0.9072
23919;0.9083
24019;0.9009
24119;0.9059
24219;0.9079
24319;0.8994
24419;0.9011
24519;0.9067
24619;0.9107
24719;0.9051
24819;0.9058
24919;0.9085
25019;0.9092
25119;0.9108
25219;0.9095
25319;0.912
25419;0.9112
25519;0.9048
25619;0.9013
25719;0.9052
25819;0.9002
25919;0.911
26019;0.9065
26119;0.898
26219;0.9116
26319;0.9112
26419;0.9143
26519;0.9151
26619;0.9183
26719;0.914
26819;0.9095
26919;0.9137
27019;0.897
27119;0.919
27219;0.9164
27319;0.9066
27419;0.9153
27519;0.9203
27619;0.9192
27719;0.9172
27819;0.9197
27919;0.9211
28019;0.9242
28119;0.9122
28219;0.9156
28319;0.914
28419;0.8976
28519;0.9227
28619;0.9261
28719;0.9206
28819;0.9253
28919;0.9132
29019;0.9217
29119;0.9131
29219;0.9145
29319;0.9216
29419;0.9191
29519;0.9119
29619;0.8824
29719;0.8993
29819;0.9135
29919;0.9102
30019;0.9134
30119;0.92
30219;0.9148
30319;0.9239
30419;0.9294
30519;0.93
30619;0.9156
30726;0.9186
30826;0.9208
30926;0.9242
31026;0.9224
31126;0.9325
31226;0.9189
31326;0.9274
31426;0.9259
31526;0.9284
31626;0.9327
31726;0.9371
31826;0.9198
31926;0.9351
32026;0.9319
32126;0.9343
32226;0.9256
32326;0.9288
32426;0.9317
32526;0.9348
32626;0.9173
32726;0.9273
32826;0.9302
32926;0.9311
33026;0.9352
33126;0.9382
33226;0.9341
33326;0.9379
33426;0.9392
33526;0.9316
33626;0.9336
33726;0.9366
33826;0.9354
33926;0.9406
34026;0.9432
34126;0.9427
34226;0.9409
34326;0.9411
34426;0.9371
34526;0.9388
34626;0.9345
34726;0.9349
34826;0.9382
34926;0.934
35026;0.937
35126;0.9395
35226;0.9275
35326;0.9315
35426;0.9401
35526;0.9359
35626;0.9334
35726;0.9367
35826;0.9407
35926;0.9315
36026;0.9397
36126;0.9302
36226;0.9456
36326;0.9464
36426;0.9428
36526;0.9383
36626;0.9368
36726;0.9341
36826;0.9381
36926;0.9452
37026;0.9476
37126;0.9408
37226;0.9492
37326;0.9473
37426;0.9484
37526;0.947
37626;0.9483
37726;0.9488
37826;0.9478
37926;0.9461
38026;0.9496
38126;0.9299
38226;0.9463
38326;0.9477
38426;0.9376
38526;0.9452
38626;0.9462
38726;0.9474
38826;0.9297
38926;0.9381
39026;0.9428
39126;0.9478
39226;0.9523
39326;0.9518
39426;0.9514
39526;0.952
39626;0.9472
39726;0.9483
39826;0.9488
39926;0.9507
40026;0.9533
40126;0.955
40226;0.9539
40326;0.9516
40426;0.9508
40526;0.9523
40626;0.9414
40726;0.9456
40826;0.9364
40926;0.9431
41026;0.9503
41126;0.9507
41226;0.9459
41326;0.9491
41426;0.9415
41526;0.9419
41626;0.9434
41726;0.951
41826;0.9501
41926;0.9439
42026;0.9515
42126;0.9585
42226;0.9531
42326;0.9562
42426;0.9571
42526;0.9524
42626;0.961
42726;0.9525
42826;0.9587
42926;0.9443
43026;0.9567
43126;0.9576
43226;0.9442
43326;0.9461
43426;0.9597
43526;0.954
43626;0.9581
43726;0.9607
43826;0.9592
43926;0.9557
44026;0.9571
44126;0.9595
44226;0.9595
44326;0.9612
44426;0.962
44526;0.9621
44626;0.9631
44726;0.9604
44826;0.9601
44926;0.9559
45026;0.9629
45126;0.9599
45226;0.9593
45326;0.9581
45426;0.9526
45526;0.9497
45626;0.9557
45726;0.9561
45826;0.9577
45926;0.9455
46026;0.9583
46126;0.955
46226;0.9565
46326;0.9616
46426;0.9564
46526;0.9619
46626;0.9606
46726;0.9604
46826;0.9653
46926;0.9572
47026;0.9646
47126;0.962
47226;0.9639
47326;0.9644
47426;0.9662
47526;0.9673
47626;0.9677
47726;0.9661
47826;0.9656
47926;0.9621
48026;0.9556
48126;0.9615
48226;0.9533
48326;0.9594
48426;0.9581
48526;0.961
48626;0.9614
48726;0.9412
48826;0.961
48926;0.9522
49026;0.9459
49150;0.9555
49250;0.9543
49350;0.9268
49450;0.9611
49550;0.9583
49650;0.9605
49750;0.9595
49850;0.9564
49950;0.9543
50050;0.9455
50150;0.9595
50250;0.9593
50350;0.9614
50450;0.9532
50550;0.9648
50650;0.9612
50750;0.9576
50850;0.9603
50950;0.9566
51050;0.9647
51150;0.9642
51250;0.9664
51350;0.9656
51450;0.9658
51550;0.9668
51650;0.9588
51750;0.966
51850;0.9655
51950;0.9659
52050;0.9639
52150;0.9648
52250;0.965
52350;0.9637
52450;0.9624
52550;0.968
52650;0.966
52750;0.969
52850;0.9696
52950;0.972
53050;0.9669
53150;0.9654
53250;0.9703
53350;0.9663
53450;0.9554
53550;0.9698
53650;0.9609
53750;0.968
53850;0.9665
53950;0.9499
54050;0.9688
54150;0.9706
54250;0.9711
54350;0.97
54450;0.9711
54550;0.9625
54650;0.9447
54750;0.9704
54850;0.9623
54950;0.9713
55050;0.9709
55150;0.973
55250;0.9735
55350;0.973
55450;0.9719
55550;0.9727
55650;0.9722
55750;0.9719
55850;0.9713
55950;0.9569
56050;0.9703
56150;0.9629
56250;0.9715
56350;0.971
56450;0.9671
56550;0.9715
56650;0.9716
56750;0.954
56850;0.968
56950;0.9654
57050;0.9676
57150;0.9584
57250;0.9483
57350;0.9595
57450;0.964
57550;0.9654
57650;0.9678
57750;0.968
57850;0.9596
57950;0.9535
58050;0.9588
58150;0.9644
58250;0.9655
58350;0.9656
58450;0.9631
58550;0.9714
58650;0.9668
58750;0.9714
58850;0.9715
58950;0.9731
59050;0.9728
59150;0.9546
59250;0.9716
59350;0.9695
59450;0.9702
59550;0.9709
59650;0.9671
59750;0.9553
59850;0.954
59950;0.9726
60050;0.971
60150;0.9637
60250;0.9615
60350;0.9677
60450;0.9694
60550;0.9613
60650;0.9617
60750;0.967
60850;0.9663
60950;0.963
61050;0.9682
61150;0.9669
61250;0.966
61350;0.9729
61450;0.9707
61550;0.9695
61650;0.9728
61750;0.9673
61850;0.9747
61950;0.9691
62050;0.9749
62150;0.9689
62250;0.9725
62350;0.9745
62450;0.9657
62550;0.9725
62650;0.9743
62750;0.9746
62850;0.9742
62950;0.973
63050;0.9734
63150;0.9747
63250;0.9741
63350;0.9761
63450;0.976
63550;0.9753
63650;0.9786
63750;0.9788
63850;0.9793
63950;0.9717
64050;0.976
64150;0.9775
64250;0.9792
64350;0.9785
64450;0.9766
64550;0.9797
64650;0.9731
64750;0.9738
64850;0.976
64950;0.9745
65050;0.9712
65150;0.976
65250;0.9747
65350;0.9508
65450;0.9788
65550;0.9751
65650;0.9759
65750;0.9758
65850;0.9791
65950;0.9721
66050;0.9807
66150;0.9807
66250;0.9806
66350;0.9775
66450;0.9817
66550;0.9795
66655;0.9762
66755;0.9747
66855;0.9779
66955;0.9815
67055;0.9783
67155;0.983
67255;0.9791
67355;0.9822
67455;0.9841
67555;0.9833
67655;0.9815
67755;0.9812
67855;0.9809
67955;0.9822
68055;0.982
68155;0.9819
68255;0.9816
68355;0.9842
68455;0.9829
68555;0.9833
68655;0.982
68755;0.9824
68855;0.9809
68955;0.9851
69055;0.9844
69155;0.9778
69255;0.9671
69355;0.9746
69455;0.9604
69555;0.9724
69655;0.9358
69755;0.9763
69855;0.9696
69955;0.9824
70055;0.9677
70155;0.9688
70255;0.9768
70355;0.9761
70455;0.9756
70555;0.9769
70655;0.9675
70755;0.9708
70855;0.9679
70955;0.9757
71055;0.9805
71155;0.9793
71255;0.981
71355;0.9838
71455;0.9841
71555;0.9828
71655;0.9837
71755;0.9839
71855;0.9831
71955;0.983
72055;0.9835
72155;0.9798
72255;0.9751
72355;0.9831
72455;0.9783
72555;0.9783
72655;0.9821
72755;0.9838
72855;0.9839
72955;0.9813
73055;0.9827
73155;0.9822
73255;0.9804
73355;0.9804
73455;0.9838
73555;0.9836
73655;0.9831
73755;0.9825
73855;0.983
73955;0.981
74055;0.9801
74155;0.9827
74255;0.9793
74355;0.9813
74455;0.9831
74555;0.9796
74655;0.9843
74755;0.982
74855;0.9802
74955;0.981
75055;0.9833
75155;0.9823
75255;0.9831
75355;0.9836
75455;0.9838
75555;0.9793
75655;0.9722
75755;0.9808
75855;0.9848
75955;0.9769
76055;0.984
76155;0.9809
76255;0.9805
76355;0.9859
76455;0.9854
76555;0.9831
76655;0.9826
76755;0.9864
76855;0.9839
76955;0.9801
77055;0.9754
77155;0.9744
77255;0.9816
77355;0.9843
77455;0.9848
77555;0.9841
77655;0.9841
77755;0.9822
77855;0.9842
77955;0.9816
78055;0.9735
78155;0.981
78255;0.9836
78355;0.9826
78455;0.9813
78555;0.9868
78655;0.9856
78755;0.9868
78855;0.9843
78955;0.9865
79055;0.9862
79155;0.9858
79255;0.9858
79355;0.9861
79455;0.986
79555;0.9859
79655;0.9868
79755;0.9873
79855;0.9865
79955;0.9851
80055;0.9851
80155;0.9845
80255;0.9803
80355;0.9687
80455;0.9841
80555;0.9867
80655;0.9855
80761;0.9853
80861;0.9864
80961;0.9824
81061;0.982
81161;0.9787
81261;0.9725
81361;0.9748
81461;0.9775
81561;0.9817
81661;0.9818
2198204;FAILED
