10100;START
10100;0.8103
10200;0.8103
10300;0.8103
10400;0.8103
10500;0.8103
10600;0.8103
10700;0.8103
10800;0.8103
10900;0.8103
11000;0.8103
11100;0.8103
11200;0.8043
11300;0.8127
11400;0.8121
11500;0.8159
11600;0.7956
11700;0.8026
11800;0.7946
11900;0.7865
12000;0.8151
12100;0.8267
12200;0.8173
12300;0.8301
12400;0.8279
12500;0.8283
12600;0.8011
12700;0.8285
12800;0.8328
12900;0.8225
13000;0.8278
13100;0.8021
13200;0.8288
13300;0.8289
13400;0.8299
13500;0.8344
13600;0.8377
13700;0.8357
13800;0.841
13900;0.8421
14000;0.8375
14100;0.8411
14200;0.8395
14300;0.8358
14400;0.8425
14500;0.805
14600;0.8446
14700;0.8381
14800;0.8359
14900;0.8483
15000;0.8387
15100;0.8544
15200;0.8391
15300;0.8501
15400;0.8531
15500;0.8452
15600;0.852
15700;0.8557
15800;0.8482
15900;0.862
16000;0.8602
16100;0.8612
16200;0.8567
16300;0.8578
16400;0.8584
16500;0.8566
16600;0.8638
16700;0.844
16800;0.8608
16900;0.8532
17000;0.8686
17100;0.8672
17200;0.8621
17300;0.8701
17400;0.8683
17500;0.8694
17600;0.8577
17700;0.8574
17800;0.8575
17900;0.8739
18000;0.867
18100;0.8512
18200;0.8605
18300;0.8594
18400;0.8628
18500;0.8676
18600;0.8783
18700;0.8795
18800;0.8807
18900;0.8783
19000;0.8823
19100;0.8799
19200;0.8798
19300;0.8806
19400;0.8727
19500;0.8637
19600;0.8875
19700;0.8879
19800;0.886
19900;0.8863
20000;0.8934
20100;0.8767
20200;0.8779
20300;0.8849
20400;0.8732
20500;0.8578
20600;0.8829
20700;0.893
20800;0.8941
20900;0.8987
21000;0.8928
21100;0.8945
21200;0.893
21300;0.8858
21400;0.8895
21500;0.8714
21600;0.8833
21700;0.8729
21800;0.8729
21900;0.8725
22000;0.8808
22100;0.8802
22200;0.8913
22300;0.8962
22400;0.8913
22500;0.8818
22600;0.8659
22700;0.8853
22800;0.9027
22900;0.905
23000;0.904
23100;0.9051
23200;0.8912
23300;0.899
23400;0.8919
23500;0.9037
23600;0.8949
23700;0.9065
23800;0.909
23900;0.9056
24000;0.9052
24100;0.9133
24200;0.9099
24300;0.9125
24400;0.8981
24500;0.9177
24600;0.9026
24700;0.9083
24800;0.9052
24900;0.8982
25000;0.9086
25100;0.9101
25200;0.8902
25300;0.9138
25400;0.9049
25500;0.9044
25600;0.9136
25700;0.9144
25800;0.9177
25900;0.9136
26000;0.9057
26100;0.9153
26200;0.9149
26300;0.9219
26400;0.9196
26500;0.9225
26600;0.9226
26700;0.9175
26800;0.915
26900;0.9081
27000;0.9191
27100;0.9133
27200;0.9179
27300;0.9196
27400;0.9132
27500;0.917
27600;0.9212
27700;0.9219
27800;0.9219
27900;0.9204
28000;0.9227
28100;0.9237
28200;0.9277
28300;0.9299
28400;0.9178
28500;0.9119
28600;0.9117
28700;0.9137
28800;0.9181
28900;0.9172
29000;0.8995
29100;0.9202
29200;0.9154
29300;0.9261
29400;0.9251
29500;0.9044
29600;0.9137
29700;0.9264
29800;0.929
29900;0.9215
30000;0.9148
30100;0.9275
30200;0.9252
30300;0.9271
30400;0.9292
30500;0.9124
30600;0.9263
30700;0.9324
30800;0.9339
30900;0.925
31000;0.9323
31100;0.9341
31200;0.9254
31300;0.9358
31400;0.9349
31500;0.9256
31601;0.9276
31701;0.9331
31801;0.9382
31901;0.9203
32001;0.9396
32101;0.9389
32201;0.9379
32301;0.9383
32401;0.9361
32501;0.9332
32601;0.9211
32701;0.9392
32801;0.9295
32901;0.9327
33001;0.9387
33101;0.9359
33201;0.9377
33301;0.943
33401;0.9249
33501;0.932
33601;0.9345
33701;0.9341
33801;0.9394
33901;0.9411
34001;0.9452
34101;0.9444
34201;0.9425
34301;0.9295
34401;0.9296
34501;0.9372
34601;0.9406
34701;0.9399
34801;0.936
34901;0.9468
35001;0.9484
35101;0.9418
35201;0.9464
35301;0.9452
35401;0.9481
35501;0.947
35601;0.9493
35701;0.949
35801;0.9503
35901;0.951
36001;0.9494
36101;0.9448
36201;0.9455
36301;0.9457
36401;0.9475
36501;0.9481
36601;0.9477
36701;0.9456
36801;0.9448
36901;0.9434
37001;0.9262
37101;0.9495
37201;0.9482
37301;0.9474
37401;0.9539
37501;0.956
37601;0.9501
37701;0.956
37801;0.9424
37901;0.955
38001;0.9504
38101;0.952
38201;0.947
38301;0.9574
38401;0.9572
38501;0.956
38601;0.9327
38701;0.9551
38801;0.9584
38901;0.9581
39001;0.9583
39101;0.9569
39201;0.957
39301;0.9571
39401;0.9545
39501;0.9542
39601;0.9485
39701;0.9522
39801;0.9556
39901;0.951
40001;0.9602
40101;0.9579
40201;0.9589
40301;0.9593
40401;0.9516
40501;0.9466
40601;0.9494
40701;0.9565
40801;0.9555
40901;0.9574
41001;0.9554
41101;0.957
41201;0.9625
41301;0.9624
41401;0.9611
41501;0.9609
41601;0.9474
41701;0.9579
41801;0.9605
41901;0.9585
42001;0.957
42101;0.9611
42201;0.9522
42301;0.959
42401;0.961
42501;0.96
42601;0.9592
42701;0.9559
42801;0.9546
42901;0.9582
43001;0.952
43101;0.9653
43201;0.9577
43301;0.9299
43401;0.9584
43501;0.9609
43601;0.955
43701;0.9493
43801;0.964
43901;0.9591
44001;0.9562
44101;0.9613
44201;0.9664
44301;0.9587
44401;0.9567
44501;0.9513
44601;0.9512
44701;0.9634
44801;0.9623
44901;0.9599
45001;0.9662
45101;0.9661
45201;0.9712
45301;0.9707
45401;0.9662
45501;0.9691
45601;0.9709
45701;0.9672
45801;0.9702
45901;0.9666
46001;0.9665
46101;0.9598
46201;0.9704
46301;0.972
46401;0.973
46501;0.9744
46601;0.9739
46701;0.9738
46801;0.9699
46901;0.9725
47001;0.9679
47101;0.9733
47201;0.9691
47301;0.9687
47401;0.9638
47501;0.967
47601;0.9651
47701;0.9604
47801;0.9661
47901;0.9669
48001;0.9714
48101;0.9715
48201;0.9713
48301;0.9703
48401;0.9667
48501;0.9698
48601;0.9702
48701;0.9701
48801;0.9694
48901;0.9696
49001;0.9684
49101;0.9727
49201;0.9634
49301;0.9678
49401;0.9665
49501;0.9642
49601;0.964
49701;0.9618
49801;0.9737
49901;0.9732
50001;0.9747
50101;0.9724
50201;0.9766
50301;0.976
50401;0.9724
50501;0.9659
50601;0.9731
50701;0.9731
50801;0.9731
50901;0.9716
51001;0.9726
51101;0.969
51201;0.9611
51301;0.9655
51401;0.9742
51501;0.9534
51601;0.9712
51701;0.97
51801;0.9713
51901;0.9709
52001;0.9602
52101;0.9716
52201;0.9698
52301;0.9685
52401;0.9764
52501;0.9732
52601;0.9677
52701;0.9586
52801;0.9738
52901;0.9736
53001;0.9707
53101;0.9756
53201;0.9759
53301;0.9709
53401;0.9715
53501;0.9732
53601;0.9739
53701;0.973
53801;0.9743
53901;0.9724
54001;0.9786
54101;0.9778
54201;0.9771
54301;0.9798
54401;0.9731
54501;0.965
54601;0.9747
54701;0.9784
54801;0.9751
54901;0.9728
55001;0.9761
55101;0.9721
55201;0.9724
55301;0.9748
55401;0.9768
55501;0.9693
55601;0.9744
55701;0.969
55801;0.9741
55901;0.9767
56001;0.9715
56101;0.9726
56201;0.9739
56301;0.9758
56401;0.9761
56501;0.9773
56601;0.9769
56701;0.9769
56801;0.9792
56901;0.9787
57001;0.9769
57101;0.9779
57201;0.9771
57301;0.9746
57401;0.9772
57501;0.9764
57601;0.9779
57701;0.9717
57801;0.9628
57901;0.9729
58001;0.9726
58101;0.9709
58201;0.974
58301;0.9694
58401;0.9576
58501;0.9706
58601;0.9725
58701;0.9694
58801;0.9663
58901;0.9514
59001;0.973
59101;0.971
59201;0.9735
59301;0.9742
59401;0.9707
59501;0.9684
59601;0.9742
59701;0.9728
59801;0.9677
59901;0.9701
60001;0.9715
60101;0.9751
60201;0.9757
60301;0.977
60401;0.9733
60501;0.9783
60601;0.9758
60701;0.9761
60801;0.9782
60901;0.9727
61001;0.9669
61101;0.9769
61201;0.978
61301;0.9751
61401;0.9733
61501;0.975
61601;0.9766
61701;0.9728
61801;0.9689
61901;0.9709
62001;0.9667
62101;0.9661
62201;0.9594
62301;0.9643
62401;0.9696
62501;0.9677
62601;0.9782
62701;0.9776
62801;0.9788
62901;0.979
63001;0.978
63101;0.973
63201;0.9728
63301;0.9765
63401;0.978
63501;0.9784
63601;0.9783
63701;0.9782
63801;0.9777
63901;0.9775
64001;0.9758
64101;0.9777
64201;0.9788
64301;0.9798
64401;0.9775
64501;0.9755
64601;0.9711
64701;0.9753
64801;0.9753
64901;0.9761
65001;0.9772
65101;0.9717
65201;0.9668
65301;0.9777
65401;0.9793
65501;0.98
65601;0.9688
65701;0.9769
65801;0.9776
65901;0.977
66001;0.9769
66101;0.9751
66201;0.9783
66301;0.9751
66401;0.9782
66501;0.9755
66601;0.9753
66701;0.9801
66801;0.9725
66901;0.977
67001;0.9768
67101;0.9738
67201;0.9647
67301;0.9773
67401;0.9755
67501;0.9743
67601;0.979
67701;0.979
67801;0.978
67901;0.9744
68001;0.9715
68101;0.975
68201;0.9785
68301;0.9801
68401;0.9802
68501;0.9802
68601;0.9809
68701;0.9796
68801;0.9766
68901;0.9764
69001;0.977
69101;0.9771
69201;0.9787
69301;0.9674
69401;0.9785
69501;0.976
69601;0.9794
69701;0.9766
69801;0.9735
69901;0.9647
70001;0.9704
70101;0.9724
70201;0.9719
70301;0.9739
70401;0.9733
70503;0.9701
70603;0.9733
70703;0.9771
70803;0.9789
70903;0.9791
71003;0.9805
71103;0.9791
71203;0.9783
71303;0.9783
71403;0.98
71503;0.9799
71603;0.9801
71703;0.9793
71803;0.9705
71903;0.976
72003;0.9754
72103;0.9603
72203;0.9742
72303;0.976
72403;0.9741
72503;0.9745
2243564;FAILED
