152906;START
152906;0.9
154398;0.9
156816;0.9
158685;0.9
159369;0.9
160984;0.9
162679;0.9
164409;0.9
165804;0.9
166689;0.9
168753;0.9
170037;0.9
171649;0.9
173125;0.9
174955;0.9
176201;0.9
177179;0.9035
178160;0.9189
179199;0.9085
180522;0.9189
182807;0.9156
183998;0.9157
186025;0.9127
186875;0.9189
189336;0.9192
191992;0.8883
193527;0.9121
195017;0.9121
196094;0.9171
197222;0.9152
198975;0.9162
200413;0.9173
202504;0.9096
205122;0.889
207370;0.8982
208550;0.9152
209367;0.9149
210960;0.9106
212564;0.9122
213370;0.9151
214976;0.9182
218395;0.9151
219378;0.9166
222020;0.9148
224057;0.9105
224934;0.9154
226405;0.9214
227580;0.9169
228394;0.9082
230661;0.9187
231221;0.9162
232912;0.9173
234123;0.9118
235949;0.9138
237109;0.9175
237836;0.9023
239760;0.8996
241461;0.9099
242831;0.9183
244523;0.9217
245513;0.9208
246800;0.9197
248099;0.9133
249479;0.9224
250923;0.9179
252377;0.924
253614;0.9227
255951;0.9223
258486;0.9222
260474;0.9126
262805;0.9204
264288;0.9154
266113;0.9178
267100;0.9216
268442;0.9238
269127;0.9233
270422;0.9196
272126;0.9284
273949;0.926
275627;0.9125
277487;0.9298
278963;0.9292
280122;0.9224
281628;0.9198
282694;0.9218
284096;0.9242
285953;0.9301
287242;0.9242
288729;0.931
289542;0.929
291036;0.9305
292518;0.9164
294597;0.9322
296501;0.9347
298170;0.9244
300677;0.935
302463;0.934
303429;0.936
304307;0.9363
305995;0.9384
307093;0.9417
310998;0.9437
312668;0.9462
313898;0.9446
315183;0.9403
317085;0.9357
318087;0.9398
319282;0.9386
322229;0.9031
324244;0.9499
325650;0.9421
327002;0.9367
328705;0.9467
329810;0.9366
331170;0.9457
332751;0.9504
333816;0.9473
334870;0.938
336851;0.9493
338511;0.9405
339923;0.9288
342759;0.9538
344131;0.9491
345332;0.9567
347210;0.9488
348968;0.9519
350506;0.9507
353092;0.949
353977;0.9457
355735;0.9502
358748;0.9514
360078;0.9525
362528;0.9474
364389;0.953
365462;0.9529
366339;0.952
368200;0.9521
370345;0.9523
371790;0.9565
373411;0.9517
376036;0.9533
377739;0.9571
378629;0.9547
379583;0.9533
381727;0.9542
384654;0.9488
386069;0.9399
387338;0.9595
389034;0.9516
391493;0.955
393420;0.9542
394354;0.9575
395173;0.9493
396470;0.9513
397893;0.959
399908;0.9587
401105;0.9499
403545;0.9502
404920;0.9544
405967;0.9537
407547;0.9501
409121;0.9523
410612;0.955
411703;0.953
412610;0.9629
413987;0.9636
415327;0.9608
416398;0.9621
417486;0.9623
418702;0.9608
420300;0.9628
422087;0.9641
423347;0.964
424387;0.9578
426010;0.9614
427586;0.9616
428957;0.9596
430633;0.9575
431856;0.9638
433248;0.9631
435462;0.9586
437437;0.9526
438492;0.9628
440205;0.9574
442644;0.9584
443704;0.9575
445590;0.9619
447442;0.9646
448721;0.9593
449942;0.9648
451477;0.9649
453953;0.9648
455305;0.9465
456394;0.9604
457699;0.9606
459586;0.9598
460857;0.9546
462197;0.957
463423;0.9602
464503;0.9646
467106;0.9609
468490;0.9602
470112;0.9599
471874;0.9554
473408;0.9607
475280;0.9607
476219;0.9635
477779;0.9584
478732;0.9659
480310;0.9653
482313;0.9662
484069;0.9616
485078;0.9475
486812;0.9657
487614;0.9687
488591;0.9678
490047;0.9717
491878;0.972
493399;0.9714
495281;0.9669
496757;0.9602
498566;0.9646
500194;0.9692
501391;0.9708
502343;0.9697
503408;0.9718
504372;0.9698
505809;0.9633
507988;0.9692
509192;0.9703
509822;0.9691
510843;0.9685
513098;0.9654
514566;0.97
516075;0.9702
517540;0.9709
519487;0.9712
521073;0.9732
523298;0.97
524272;0.9685
525417;0.9715
527304;0.9705
529843;0.9707
531531;0.9699
533016;0.9719
534617;0.9715
535577;0.9737
536592;0.9668
538578;0.966
540664;0.9702
541752;0.9719
542692;0.9673
543738;0.9699
544940;0.9704
546005;0.9713
547139;0.9707
548178;0.9722
549459;0.9725
550911;0.9668
552168;0.9622
552994;0.9632
555184;0.9704
557553;0.9742
559563;0.9761
561066;0.9769
562647;0.9756
563570;0.9758
565269;0.9672
566432;0.9669
567840;0.976
569272;0.977
571034;0.9743
572883;0.9701
573580;0.9706
574965;0.9688
576133;0.9749
577261;0.9766
579557;0.9762
581213;0.9764
583294;0.9772
584466;0.976
586042;0.9768
587260;0.9732
588771;0.9717
590721;0.977
592718;0.9771
594031;0.9747
596454;0.9732
597876;0.9663
599008;0.9707
601012;0.9748
602421;0.9622
604301;0.9755
605701;0.9783
607371;0.9762
609201;0.9769
611324;0.9751
613025;0.9781
613956;0.9782
615383;0.9747
616559;0.9761
617777;0.9778
619385;0.9768
620919;0.9697
622209;0.9706
622923;0.9775
625706;0.9779
627177;0.9715
628369;0.9784
630921;0.9755
631936;0.9781
633777;0.9786
635473;0.9774
638478;0.9788
640176;0.9778
641598;0.9775
643177;0.9758
644921;0.9787
645896;0.9801
648172;0.9799
650368;0.9782
651227;0.9799
652438;0.979
653301;0.9781
654915;0.9749
656318;0.972
657573;0.9794
659991;0.98
661948;0.9807
662788;0.9769
663938;0.9784
665040;0.9781
666520;0.9764
669437;0.9661
670617;0.9757
672180;0.9776
673929;0.9725
676114;0.9705
678095;0.9776
679014;0.9782
680304;0.9779
681257;0.9771
683177;0.9772
684739;0.9688
685975;0.9741
687230;0.9802
691343;0.9813
692962;0.9796
694512;0.9814
695933;0.9808
697501;0.9793
699142;0.9796
699760;0.9767
701418;0.9773
703102;0.9769
704643;0.9803
705615;0.976
706624;0.9794
708846;0.9796
711098;0.98
713335;0.9813
714866;0.9798
717249;0.9803
719666;0.9798
720609;0.9797
721647;0.9618
723596;0.961
725374;0.9752
726312;0.9751
728502;0.9773
730549;0.9761
732204;0.9745
733566;0.9774
735470;0.9779
737367;0.9786
738097;0.9778
739549;0.9757
741683;0.9807
742927;0.9759
743716;0.9779
744351;0.9796
745492;0.9796
747080;0.9799
749020;0.9819
750523;0.9819
751617;0.9819
753394;0.9805
755299;0.9776
756885;0.9786
758563;0.9808
759539;0.9801
761666;0.9764
762991;0.9766
765108;0.983
766315;0.9804
767750;0.9806
768737;0.9788
770228;0.9783
771295;0.9806
773205;0.9821
775706;0.9802
777112;0.9817
778652;0.9755
780756;0.9746
782207;0.977
783615;0.9786
784306;0.9825
785552;0.9824
786773;0.9793
788232;0.9817
788858;0.9792
791517;0.9761
793458;0.9714
794830;0.9794
796193;0.9785
798294;0.9793
799367;0.9803
800575;0.9816
802389;0.9823
803949;0.9832
804855;0.9782
805909;0.9755
807406;0.9815
808233;0.9829
809780;0.975
919087;FAILED
