152896;START
152896;0.9
154576;0.9
157457;0.9
159182;0.9
161956;0.9
163573;0.9
165288;0.9
167705;0.9
169820;0.9
171697;0.9
173478;0.9
175109;0.9
175959;0.9
177275;0.9
178859;0.9
180061;0.9
181832;0.9
183198;0.9
184705;0.9
185501;0.9
186794;0.9
189038;0.9016
190240;0.9096
191724;0.9092
193284;0.9088
194946;0.9103
196345;0.911
198301;0.911
199257;0.9125
200789;0.8974
202010;0.9116
203372;0.9123
204332;0.9088
206310;0.9114
209072;0.9127
210377;0.9114
211743;0.9129
213435;0.9051
215070;0.9086
216909;0.9101
218471;0.9109
219756;0.9146
221209;0.9174
222159;0.9169
224166;0.9142
225949;0.92
227924;0.9227
228834;0.9214
230564;0.9197
232062;0.9216
234037;0.9171
235295;0.9226
237427;0.9006
238917;0.9203
240401;0.919
242104;0.9176
244015;0.9222
246186;0.9202
247746;0.9227
249290;0.9267
250538;0.9286
252248;0.926
253623;0.928
255299;0.9292
256577;0.9298
258667;0.9262
260065;0.9232
261545;0.9273
263578;0.9256
265444;0.9197
267751;0.9147
268897;0.9218
270413;0.9247
272251;0.924
273992;0.93
275298;0.9265
276740;0.9339
278334;0.9266
279779;0.9303
280662;0.9211
282290;0.9303
284066;0.9287
285987;0.9298
288000;0.9336
288947;0.9286
290033;0.9336
291092;0.9338
292436;0.9297
294333;0.9361
296030;0.9354
296865;0.9328
298192;0.9342
300281;0.9384
302378;0.9361
304230;0.9338
305319;0.9321
306765;0.936
309521;0.9166
310703;0.9374
312122;0.9312
313674;0.9226
316416;0.9367
316976;0.9384
318129;0.9321
319291;0.9295
320956;0.9317
322545;0.9337
323316;0.9359
324997;0.9298
326584;0.9361
328543;0.9367
329846;0.9316
331671;0.9367
332965;0.9277
334939;0.9333
336127;0.9344
337644;0.9385
339433;0.9365
341256;0.9385
342936;0.9401
344480;0.9435
345713;0.945
347144;0.9422
348125;0.9468
349496;0.9404
350881;0.9463
351854;0.9405
353036;0.9448
354187;0.9406
355484;0.945
356802;0.9434
358723;0.9432
360813;0.9419
361906;0.9402
363639;0.9406
365047;0.9411
367049;0.9351
369120;0.949
370547;0.9388
371832;0.9447
372893;0.9426
373687;0.9406
375416;0.9515
377254;0.9537
378689;0.952
380320;0.9531
381307;0.9502
383351;0.9515
384554;0.9481
385861;0.957
386890;0.9565
388530;0.9528
389971;0.9529
391112;0.949
392475;0.9474
393554;0.9513
395360;0.9508
396575;0.9363
397638;0.953
399067;0.9465
400724;0.9429
401909;0.9476
402525;0.9446
404065;0.9498
405410;0.9518
407286;0.9435
408957;0.9515
410029;0.955
411264;0.956
412250;0.9547
413256;0.9446
414539;0.9505
416097;0.9506
417621;0.9582
419733;0.9553
421106;0.9605
422123;0.9605
423351;0.9592
424407;0.9596
425428;0.96
427504;0.9603
429929;0.9578
432191;0.9558
433827;0.9512
435811;0.9495
437187;0.9526
438670;0.9546
440998;0.9533
443330;0.9527
445064;0.9529
446446;0.9563
447783;0.9508
449034;0.9559
450465;0.9578
452163;0.9598
453517;0.9624
455179;0.9612
455910;0.9471
456665;0.9514
458542;0.9497
461492;0.9554
464041;0.9568
466390;0.9544
468473;0.9628
469559;0.9617
470896;0.9481
471967;0.9531
473119;0.9571
474079;0.9561
474868;0.962
475861;0.9619
477986;0.9636
479256;0.9601
480797;0.9669
482257;0.9577
484176;0.9639
485844;0.956
488063;0.9619
490307;0.965
492948;0.9622
493988;0.9626
495168;0.9625
495969;0.9646
497966;0.9628
499420;0.9614
500953;0.954
502647;0.9633
503834;0.9588
505329;0.9599
506529;0.963
507827;0.96
509518;0.9653
510432;0.9629
511491;0.9568
512457;0.9613
514585;0.9669
516317;0.959
517484;0.965
519667;0.9651
521677;0.965
524676;0.9684
526525;0.9686
527587;0.9674
529222;0.964
531201;0.9688
533046;0.9536
535727;0.9661
536866;0.9671
537877;0.9643
538511;0.9634
541396;0.9628
542588;0.956
544604;0.9631
545531;0.9655
546904;0.9669
547942;0.9657
549059;0.9645
551822;0.9648
553570;0.9664
554419;0.9635
556681;0.9633
559063;0.9665
560556;0.9633
562265;0.9651
564905;0.9716
566919;0.9688
568827;0.9691
570083;0.9706
571146;0.9685
572540;0.9663
573910;0.9583
574906;0.9665
576304;0.9693
577979;0.9686
579910;0.9689
581532;0.969
583127;0.9662
584691;0.9698
585810;0.9721
586897;0.9697
588046;0.9636
588844;0.9633
591457;0.9661
592913;0.9702
594711;0.9632
595647;0.9521
597303;0.9683
598451;0.9697
600081;0.9667
601417;0.9667
603192;0.9685
605064;0.9673
606278;0.9716
607344;0.9729
608707;0.9726
610982;0.9702
613330;0.9724
614090;0.972
615695;0.9718
616956;0.9724
618050;0.9712
619156;0.9693
621415;0.9673
623127;0.9732
624012;0.9733
625228;0.9754
627203;0.9721
628374;0.9722
630442;0.9702
632150;0.9701
633560;0.968
635581;0.97
636882;0.9784
639047;0.9716
641562;0.9755
642874;0.9752
644396;0.9763
645520;0.9757
646586;0.9734
647856;0.9718
649311;0.9755
650137;0.9663
651519;0.9715
654049;0.9742
655705;0.9735
657567;0.9681
658675;0.9755
660355;0.9756
662725;0.9712
665320;0.9604
666955;0.9783
668059;0.9736
670104;0.9731
671181;0.9721
673331;0.9732
674609;0.9704
676174;0.9651
678312;0.9683
680200;0.9729
681642;0.9711
682975;0.9727
684671;0.9762
687342;0.9643
688626;0.9697
690481;0.9727
691419;0.9695
692875;0.9712
694581;0.9731
696539;0.9689
697949;0.9748
699996;0.976
701683;0.9715
702897;0.976
705052;0.9759
705953;0.9718
707640;0.9689
708959;0.9769
710294;0.9796
711916;0.9794
713478;0.9796
714689;0.9768
715995;0.9779
717228;0.9769
718271;0.9783
719798;0.9664
720974;0.9802
722299;0.9785
723670;0.9769
725324;0.977
727038;0.9753
728713;0.9706
731029;0.9775
732694;0.9786
733992;0.9795
735755;0.9797
737752;0.9777
739036;0.9784
740288;0.9814
741061;0.9814
743338;0.9816
744880;0.9814
746832;0.9822
748862;0.9814
750272;0.9796
751661;0.979
753498;0.9817
755502;0.9789
758546;0.9767
760146;0.9781
761492;0.9798
762746;0.9793
764370;0.9806
765638;0.9805
767019;0.9794
768770;0.9791
771170;0.9818
772777;0.9779
774283;0.9789
775603;0.9672
777967;0.9752
780523;0.9801
782512;0.9795
785046;0.9802
787514;0.9795
788884;0.9786
791227;0.9802
792489;0.9809
794084;0.9803
795925;0.9805
798168;0.9801
799169;0.9774
801631;0.9768
803136;0.9783
804583;0.9729
806285;0.9781
807754;0.9801
809346;0.9811
810986;0.9802
812719;0.9781
814331;0.9798
815932;0.9798
817102;0.9775
818209;0.9775
819550;0.9779
821752;0.9761
822917;0.9761
824757;0.9709
826398;0.9717
827855;0.9726
828987;0.9733
830342;0.97
831669;0.9681
833051;0.9674
834616;0.9701
836009;0.9722
837182;0.9761
838600;0.9762
841136;0.9782
843354;0.9695
844670;0.9673
845685;0.9736
847842;0.9759
849212;0.9729
850568;0.976
851854;0.9757
852599;0.9792
855683;0.9806
857067;0.9729
858073;0.9769
859488;0.9783
860852;0.9806
862195;0.9805
864709;0.9796
866491;0.9784
867431;0.9698
870318;0.9738
873216;0.9756
874159;0.9775
875832;0.9764
877439;0.9791
879002;0.9768
1031302;FAILED
