164323;START
164323;0.9
166145;0.9
166927;0.9
169006;0.9
170293;0.9
171742;0.9
172900;0.9
174591;0.9
175859;0.9
177141;0.9
178102;0.9
180005;0.9
182144;0.9
182477;0.9
184949;0.9
185760;0.9
186399;0.9
188285;0.9
189698;0.9
190698;0.9013
192764;0.9
193418;0.9037
194565;0.9102
195558;0.9068
197579;0.9171
198584;0.9108
199639;0.9197
201103;0.9151
202163;0.9158
204157;0.9146
205421;0.9122
206927;0.9093
208225;0.9064
209570;0.9161
210860;0.9041
212657;0.903
214158;0.9014
215105;0.9158
216612;0.9035
218378;0.9075
219294;0.9037
220810;0.9082
221640;0.9151
222757;0.9179
223703;0.9228
224874;0.9176
226819;0.9215
228624;0.9187
230559;0.9128
232282;0.9099
234001;0.9237
235121;0.9245
235922;0.9159
237149;0.9244
238989;0.9264
240324;0.926
241852;0.911
243160;0.9199
245146;0.9279
246715;0.9238
247625;0.9259
249014;0.9269
250515;0.9293
251859;0.928
254308;0.9266
255530;0.9259
256722;0.9292
258727;0.9286
260644;0.926
261869;0.9256
262824;0.9362
264553;0.9408
265982;0.9318
266938;0.9391
267843;0.9228
269073;0.9257
271024;0.9353
272840;0.9388
274044;0.9327
274865;0.939
276025;0.9384
277034;0.9374
279016;0.9355
279941;0.9354
281645;0.9435
283319;0.9383
285365;0.9447
287239;0.9467
288522;0.9394
290620;0.9461
292043;0.9391
294866;0.9443
296480;0.9406
299144;0.9294
300532;0.9392
301764;0.9398
304096;0.9427
305006;0.9379
306633;0.9424
308740;0.934
310642;0.942
311512;0.9408
313292;0.9311
315158;0.9403
318644;0.9393
319633;0.9468
321486;0.9477
322235;0.9411
323904;0.9469
324850;0.9452
326997;0.9409
328493;0.9506
329448;0.9502
331134;0.9514
333412;0.9493
334629;0.9518
335086;0.9515
337614;0.9506
339560;0.9505
340700;0.9492
342434;0.9489
343469;0.9487
344792;0.947
346100;0.9535
347765;0.9483
349313;0.9538
350864;0.9552
352463;0.9514
353596;0.9536
354965;0.9559
356423;0.9383
357539;0.9531
359151;0.954
360196;0.9534
362645;0.9467
364343;0.9528
366124;0.9492
368155;0.9586
369570;0.9534
371510;0.951
372700;0.9494
374071;0.9523
375280;0.9564
376879;0.9543
378405;0.9505
379858;0.9598
381023;0.9525
382321;0.9502
383369;0.9525
385693;0.9566
387552;0.9539
388113;0.9534
389619;0.9508
390837;0.9537
392211;0.9522
393493;0.9504
394945;0.9529
395978;0.9484
397725;0.9548
399470;0.9562
401372;0.955
403072;0.9587
404495;0.9555
405638;0.9513
407683;0.9546
409299;0.9578
410787;0.9556
412205;0.9398
413813;0.9461
415408;0.9539
417063;0.9521
418581;0.9498
420156;0.9591
421488;0.9606
422783;0.9605
424339;0.9554
425648;0.9577
426619;0.958
428764;0.9503
430226;0.9589
431510;0.9579
434326;0.9556
434973;0.9627
436337;0.963
438120;0.9548
439291;0.962
441125;0.9595
442839;0.96
444748;0.9559
446082;0.9531
446763;0.9559
447977;0.9619
450120;0.9615
451316;0.9618
452456;0.9613
454028;0.963
455077;0.9622
457269;0.9592
458877;0.9569
460026;0.9572
462775;0.9613
465475;0.9595
467067;0.9633
469376;0.9619
470727;0.9603
471986;0.9577
473026;0.9577
475230;0.9617
476515;0.9618
477678;0.9627
479248;0.9608
480595;0.9639
481689;0.9641
483145;0.9643
485257;0.9578
486985;0.9613
487512;0.9628
488816;0.9645
489991;0.9568
491310;0.9522
492360;0.9663
494170;0.9642
495286;0.9648
496955;0.963
498582;0.9651
501118;0.9649
503526;0.9659
504465;0.9647
505362;0.963
506941;0.964
508254;0.9653
510318;0.9643
511816;0.9599
512714;0.953
514513;0.9527
515689;0.9585
516615;0.9632
517812;0.963
518768;0.957
520362;0.9668
521381;0.9689
522712;0.9684
524542;0.9673
526059;0.9642
527349;0.9673
528301;0.9564
529801;0.9608
531119;0.9579
532382;0.9506
533528;0.9538
534691;0.9624
535623;0.9625
537119;0.9654
538789;0.9639
540330;0.9618
541638;0.9582
543511;0.9617
545612;0.9633
547028;0.9635
549106;0.9625
550320;0.9608
551454;0.966
552591;0.9639
554407;0.9672
555541;0.9713
556670;0.9705
558020;0.9696
559522;0.9705
560863;0.9717
562971;0.9689
564730;0.9701
566662;0.9716
568212;0.9678
570015;0.9699
570998;0.9655
572235;0.9709
573106;0.9706
574314;0.9683
576035;0.9697
577061;0.9685
578122;0.9696
579358;0.9683
580512;0.9679
581803;0.9593
583304;0.9484
585351;0.9733
587344;0.9643
588782;0.9683
590683;0.9744
592736;0.9683
594359;0.9606
596124;0.9699
598245;0.9709
599962;0.9711
601803;0.9671
602881;0.9716
605382;0.972
607074;0.9742
608472;0.9713
609691;0.9723
611225;0.97
612702;0.967
615433;0.9665
616489;0.9712
617777;0.9707
618380;0.9728
620513;0.972
621940;0.9711
624040;0.9717
625244;0.9697
627127;0.9641
629509;0.9667
630710;0.9725
632806;0.9728
634058;0.9727
635589;0.9724
637568;0.9685
638903;0.9739
640475;0.9744
641961;0.9736
643719;0.974
645159;0.9729
647537;0.972
648283;0.9737
650099;0.9726
652483;0.9707
654390;0.9631
656653;0.9719
658463;0.9725
659918;0.9716
661677;0.9689
662876;0.9702
664396;0.9684
665712;0.9692
667420;0.9715
668952;0.9728
670774;0.9737
671755;0.9648
673327;0.9648
675315;0.9673
676503;0.9636
678167;0.9658
680097;0.9615
681680;0.9707
682727;0.9648
683826;0.968
685845;0.9723
687676;0.9709
689284;0.971
691511;0.9584
692809;0.9692
694585;0.9707
696780;0.9674
698016;0.9585
699164;0.9725
700572;0.971
702186;0.9712
703650;0.9752
704523;0.9697
706254;0.9699
707179;0.9713
709235;0.9755
711292;0.9749
713100;0.9738
714662;0.9664
717156;0.9678
719454;0.9736
721165;0.9737
722033;0.9685
724278;0.9691
726068;0.9761
728102;0.9745
730332;0.9744
730900;0.9748
731915;0.9755
732761;0.9739
733734;0.9746
735365;0.9678
736653;0.971
737956;0.9706
739590;0.973
740910;0.9711
742115;0.9695
743597;0.9726
746287;0.9737
748460;0.9764
749678;0.9749
750810;0.9721
752303;0.976
754154;0.9756
755305;0.9696
758364;0.9735
760029;0.9685
762552;0.9695
764444;0.9754
765991;0.9744
767048;0.972
768277;0.9682
769098;0.9725
771024;0.9727
772155;0.9731
774910;0.9731
776602;0.9767
778392;0.9714
780088;0.9768
781347;0.9766
782934;0.9759
784694;0.9779
786547;0.9805
788389;0.9761
789813;0.9781
791195;0.9801
792732;0.9805
793798;0.9795
795491;0.9766
798120;0.9805
799175;0.9792
800361;0.9786
801792;0.9795
803153;0.9752
804590;0.9753
806529;0.9759
808314;0.9748
810753;0.9784
811883;0.9774
814304;0.9774
815373;0.9796
816514;0.9805
817557;0.9788
818298;0.9746
819476;0.9811
820866;0.9776
822282;0.9798
825380;0.9808
827141;0.9803
828344;0.9804
829397;0.9785
830539;0.9731
832408;0.9755
834250;0.9763
836351;0.9773
837798;0.9701
839683;0.9779
841528;0.9785
842546;0.9776
845025;0.978
846324;0.9744
847887;0.9703
849576;0.9769
850999;0.9763
852291;0.9782
854100;0.9807
855428;0.9822
857118;0.9808
858290;0.9794
859601;0.9827
860394;0.9831
861868;0.9823
862818;0.9804
863776;0.9792
865305;0.9811
866167;0.9808
868665;0.9814
869923;0.9833
872445;0.9822
875231;0.9808
876619;0.9805
877663;0.9846
879693;0.9846
881019;0.9826
882868;0.9816
883702;0.9837
885448;0.9851
886395;0.9832
887977;0.9812
889334;0.9828
891227;0.9842
892167;0.9779
893305;0.9861
895026;0.9827
896743;0.9808
898067;0.9809
899325;0.9827
900874;0.9829
902262;0.983
903360;0.9848
905433;0.9851
906662;0.9859
908434;0.9858
909469;0.9828
910932;0.9829
912779;0.98
913664;0.9751
914453;0.9738
915529;0.9836
916558;0.9859
917632;0.9857
918887;0.9832
920069;0.985
921959;0.9861
922869;0.9845
924753;0.9819
926359;0.9765
927999;0.9799
928996;0.9753
930283;0.9856
932261;0.984
934558;0.9853
935972;0.9831
937032;0.9834
939111;0.984
940739;0.9858
942491;0.9786
943692;0.9825
944974;0.9846
945551;0.9854
947452;0.9847
948864;0.983
949918;0.9866
950773;0.9845
953054;0.9848
955468;0.9838
957257;0.984
960069;0.9837
961045;0.9852
962428;0.9824
963809;0.9845
965028;0.9848
967133;0.9811
967858;0.9817
970992;0.9838
972255;0.9817
973641;0.9776
974937;0.9824
976150;0.9835
976991;0.9835
979275;0.982
980798;0.98
982308;0.9781
984662;0.9711
986058;0.9708
988196;0.978
990828;0.9817
992445;0.9801
993902;0.9769
996435;0.9786
998325;0.9831
999751;0.9832
1001063;0.9845
1001820;0.9808
1004446;0.9774
1006205;0.983
1007866;0.9853
1009687;0.9858
1010904;0.9858
1012391;0.9859
1013496;0.9848
1014379;0.9852
1016650;0.983
1017608;0.9782
1018845;0.9801
1019999;0.9848
1022816;0.9846
1023891;0.9855
1025393;0.986
1027824;0.9854
1029565;0.9808
1030791;0.9834
1031692;0.9827
1032759;0.9811
1034209;0.9807
1035531;0.9846
1199451;FAILED
