152141;START
152141;0.9
153614;0.9
155610;0.9
156312;0.9
157402;0.9
159396;0.9
161074;0.9
162502;0.9
164689;0.9
165913;0.9
167948;0.9
169477;0.9
170412;0.9
171371;0.9
173227;0.9
175444;0.9
176379;0.8992
178596;0.8998
180278;0.906
183724;0.9137
186480;0.911
187845;0.9086
189084;0.8994
190137;0.9098
191637;0.9073
193739;0.8986
195072;0.9166
196230;0.8928
197634;0.909
199279;0.9033
200512;0.9092
201404;0.8997
202826;0.9175
205102;0.9184
205633;0.9196
207142;0.9194
208572;0.9199
209654;0.9192
210633;0.9164
211858;0.9188
214107;0.9217
215162;0.9177
216420;0.9211
217961;0.9201
219788;0.92
221702;0.916
223107;0.915
224346;0.9214
225733;0.9161
227072;0.9077
229740;0.9172
232590;0.9214
235220;0.9196
236103;0.924
237370;0.8909
239210;0.9241
240258;0.9208
241843;0.9106
243797;0.9262
245129;0.9261
247346;0.928
249250;0.9119
250359;0.928
251934;0.9352
253828;0.9329
254785;0.9347
255862;0.9334
257164;0.9344
258854;0.929
261524;0.9282
262840;0.9262
264241;0.9336
265715;0.9385
266859;0.9205
268470;0.9409
270551;0.923
271641;0.9405
272691;0.9363
274367;0.9423
275579;0.9437
277716;0.9298
279314;0.9387
280615;0.9375
282263;0.9333
283151;0.9391
285033;0.9394
286795;0.9416
287889;0.9426
290082;0.9405
291344;0.942
292046;0.9307
292950;0.9406
294461;0.9408
295761;0.9465
298315;0.9451
301058;0.9458
302328;0.93
304186;0.9328
305416;0.9482
307888;0.9479
309524;0.9487
311446;0.9484
312647;0.9474
313947;0.9465
316965;0.9495
318425;0.9484
319647;0.9485
321576;0.9477
323447;0.9436
324213;0.942
325762;0.9461
326637;0.9454
328710;0.9455
330695;0.9477
332510;0.9483
333639;0.9482
335891;0.945
337527;0.947
340225;0.9447
341278;0.9439
341875;0.939
343382;0.9432
344174;0.9455
345764;0.9437
347816;0.9387
349351;0.9493
350617;0.9403
352954;0.9503
354035;0.9467
355726;0.9482
357432;0.9467
358564;0.9531
360425;0.9533
361307;0.9508
362837;0.9372
364491;0.9475
365448;0.9397
366568;0.9496
369283;0.9486
370800;0.9513
372737;0.9506
374349;0.9553
375569;0.9525
376946;0.9553
378294;0.9575
379623;0.9597
381644;0.9496
383041;0.9498
384636;0.9559
386391;0.9436
387372;0.9495
389034;0.9536
390858;0.9485
393376;0.9577
394687;0.9606
396932;0.9569
397725;0.9574
398972;0.9595
400550;0.95
402069;0.9603
404676;0.961
406060;0.9624
408843;0.9634
409861;0.9652
411148;0.9654
412115;0.9616
413820;0.9604
414319;0.9604
415525;0.9607
416948;0.9602
419551;0.9584
421274;0.9616
422535;0.9621
424049;0.9622
424840;0.9545
427250;0.9617
429609;0.9631
430180;0.9603
431109;0.9657
432084;0.9664
433873;0.9692
435719;0.9694
437285;0.9656
438605;0.9666
441219;0.964
442391;0.9529
443656;0.9593
445025;0.9619
447179;0.9646
448854;0.9657
450801;0.9661
452607;0.9581
454808;0.9565
455686;0.9556
458311;0.9597
459782;0.9597
460938;0.9637
462915;0.9646
464584;0.9643
466219;0.9696
467899;0.9612
470069;0.9678
471324;0.9633
473174;0.9513
474938;0.9672
476679;0.958
479174;0.9666
480820;0.9639
481836;0.9718
483074;0.9713
483663;0.971
485097;0.9641
485890;0.972
487175;0.9642
488765;0.9663
490576;0.9661
492175;0.9688
493327;0.9713
494295;0.9663
495772;0.9718
497252;0.9722
500597;0.9714
502847;0.9706
504698;0.9696
505870;0.9727
506813;0.9741
508346;0.9714
508911;0.974
510741;0.9736
512460;0.9673
514452;0.9676
516174;0.9647
517434;0.9641
518610;0.9616
520590;0.961
521462;0.9662
522845;0.9616
524567;0.9739
526485;0.9744
528802;0.9745
530421;0.9683
531498;0.9726
534011;0.9712
535693;0.9757
538273;0.9739
539888;0.9759
541204;0.9764
542847;0.9737
544742;0.9722
545839;0.9719
547231;0.9586
549489;0.9725
550734;0.9685
552177;0.9703
553039;0.9746
554136;0.9733
555692;0.9717
557543;0.9753
558425;0.9701
559859;0.9728
561195;0.9715
563080;0.9757
564087;0.9757
565336;0.9777
567208;0.9774
569577;0.975
570447;0.9738
571661;0.9764
572913;0.9766
573549;0.9784
574785;0.9786
575927;0.9768
578952;0.978
580003;0.9728
580795;0.9725
582006;0.9759
582999;0.9744
584123;0.9778
586045;0.9793
586753;0.9793
588936;0.9792
591110;0.9765
592043;0.9789
594877;0.9711
597336;0.9727
599192;0.9765
600993;0.9796
602055;0.9805
604448;0.9792
605482;0.9771
607259;0.9749
608617;0.9765
610204;0.9798
612157;0.9749
613363;0.9592
615129;0.9774
617467;0.9755
618874;0.9728
619970;0.9743
621313;0.9689
623257;0.9725
625413;0.9747
626753;0.9776
628133;0.9757
629968;0.9795
632258;0.9801
634744;0.9811
635836;0.976
637037;0.9754
638953;0.9792
640707;0.9805
641618;0.9812
643208;0.9816
645170;0.973
645914;0.9789
648101;0.978
649572;0.9788
650534;0.9753
651979;0.977
654738;0.979
656494;0.9788
657364;0.9778
659726;0.9789
661331;0.9753
662388;0.9598
663950;0.9761
666587;0.9758
668226;0.9798
669532;0.9827
670862;0.9836
672541;0.9827
674214;0.9822
675224;0.9829
676689;0.9823
678550;0.9824
680209;0.9831
682523;0.9828
683623;0.9783
684975;0.9765
686376;0.9795
688040;0.9808
690264;0.9701
691996;0.9819
693418;0.9804
694608;0.9829
696182;0.9821
697762;0.9838
699059;0.9814
700459;0.9762
702753;0.9805
704620;0.9815
705745;0.9763
706735;0.9729
707579;0.9723
709299;0.9762
712115;0.9743
713800;0.9783
714751;0.9752
716192;0.9745
717821;0.9728
719466;0.9769
720704;0.9835
721938;0.9838
723370;0.9806
724578;0.9708
726043;0.9774
727850;0.9811
729027;0.9855
730770;0.9826
732753;0.9831
734912;0.9835
736290;0.9849
737447;0.9814
739049;0.9811
739908;0.9855
741723;0.9849
744466;0.9859
746286;0.9864
747669;0.9868
748991;0.9837
750539;0.9822
752110;0.9824
752754;0.9834
754214;0.9855
755599;0.9853
757335;0.9814
759568;0.9742
761754;0.9706
762551;0.9829
763751;0.984
766079;0.9856
767430;0.9853
768418;0.9847
769750;0.984
771792;0.9856
772962;0.984
774415;0.9832
775235;0.9832
776460;0.9845
777440;0.9824
779540;0.9786
781161;0.9768
782667;0.9788
784263;0.9821
785479;0.9829
787356;0.986
788438;0.9847
790007;0.9787
792560;0.9614
793486;0.9676
794260;0.9853
795394;0.9843
797369;0.9839
798970;0.9856
800456;0.9869
801417;0.9859
802437;0.9818
803311;0.9852
804486;0.9887
805770;0.988
807009;0.988
808275;0.9865
809326;0.9865
811097;0.9878
812878;0.9851
813736;0.9862
815805;0.9816
818570;0.9854
819581;0.9881
820461;0.9867
822144;0.9868
822927;0.9877
824763;0.9879
825977;0.9876
827443;0.986
828095;0.9868
829297;0.9882
830498;0.9796
831791;0.9877
833122;0.9859
835079;0.9871
836241;0.9848
837621;0.9823
838610;0.9845
840242;0.9823
841941;0.9849
843147;0.9821
845190;0.9811
847720;0.9766
849835;0.9805
850994;0.9797
852508;0.9762
853850;0.9837
854660;0.9828
856606;0.9841
858150;0.9892
859036;0.988
860808;0.9845
862413;0.9839
864224;0.9878
865995;0.9876
868359;0.9853
870251;0.9873
871402;0.9857
873646;0.9851
875531;0.986
876172;0.9862
877833;0.9867
878859;0.9862
880930;0.9786
882653;0.9829
884644;0.9868
886154;0.9872
887284;0.9866
889255;0.9827
1181990;FAILED
