156609;START
156609;0.9
158630;0.9
160632;0.9
161631;0.9
163248;0.9
164294;0.9
165629;0.9
167016;0.9
168045;0.9
169293;0.9
171288;0.9
173207;0.9
174185;0.9
175464;0.9
176327;0.9
177386;0.9
178847;0.9015
180525;0.9044
181872;0.8852
183545;0.9048
185256;0.9102
186789;0.9098
187524;0.9145
189381;0.9156
190661;0.9151
191765;0.8982
193495;0.9074
194268;0.9137
195040;0.9035
196374;0.9135
198474;0.9138
199798;0.9129
200897;0.9124
202866;0.9129
204408;0.9118
205749;0.8942
207413;0.902
209476;0.9037
211102;0.9064
212882;0.914
214719;0.9135
216250;0.9164
218291;0.9122
220888;0.9096
222492;0.9136
223963;0.9125
225109;0.9155
226441;0.9183
227591;0.9197
229556;0.9188
230326;0.9198
231886;0.9192
232820;0.9205
234198;0.9217
235791;0.9201
237170;0.919
238647;0.9209
240636;0.9212
242133;0.9217
243925;0.9205
245735;0.9091
246850;0.9206
247956;0.9237
248667;0.9151
250087;0.9203
251764;0.9188
253213;0.9242
254060;0.9233
255231;0.9226
256623;0.9173
258400;0.916
259877;0.9209
261591;0.9207
264537;0.9275
266309;0.9289
269027;0.9282
270894;0.9282
272155;0.926
273606;0.9255
275082;0.9295
276764;0.9326
278755;0.9226
280050;0.9182
281716;0.9276
282720;0.9276
283869;0.926
284681;0.9367
285742;0.9347
287610;0.9226
288734;0.9295
291243;0.9292
294061;0.9268
295566;0.942
296663;0.9455
297547;0.9444
298801;0.9408
300480;0.94
301926;0.936
303590;0.9424
304687;0.9262
305984;0.9399
308250;0.9451
309994;0.9404
312210;0.9416
314110;0.9409
315503;0.9388
317093;0.9224
317786;0.9405
319460;0.9444
321297;0.9442
322111;0.9461
323280;0.9485
326214;0.9429
327801;0.9344
329382;0.9445
330809;0.9496
332459;0.9488
335505;0.948
337543;0.9498
338424;0.9469
339965;0.9468
342645;0.9529
344514;0.942
346351;0.9477
349011;0.9498
349823;0.9474
351694;0.949
353143;0.9539
354041;0.9495
355703;0.9545
357165;0.9532
358335;0.9535
361120;0.9515
362816;0.9535
364463;0.9476
366524;0.9472
367461;0.953
368814;0.9537
371167;0.9481
372841;0.9467
373799;0.9486
374853;0.9517
376165;0.9423
377572;0.9496
378811;0.9463
381415;0.9489
383038;0.9527
384472;0.9548
386668;0.9547
388155;0.9491
389880;0.9346
391500;0.9559
393071;0.948
394248;0.9592
395700;0.9576
397207;0.9558
398876;0.9519
400267;0.9599
401750;0.9601
403560;0.9556
405934;0.9382
407060;0.9567
409500;0.9546
410733;0.9525
411830;0.9596
412816;0.9572
414213;0.9497
415200;0.9562
417125;0.9575
419108;0.9569
420142;0.9589
421834;0.9523
423803;0.955
425075;0.9532
426172;0.9626
427337;0.9623
428841;0.954
430642;0.9574
432514;0.9605
434009;0.9608
436232;0.9578
437704;0.9538
439273;0.952
441008;0.9607
441733;0.9617
443478;0.9604
446176;0.9598
447276;0.9603
447976;0.9551
449088;0.9631
450428;0.9571
451984;0.9573
453045;0.9637
455476;0.9638
456362;0.963
457851;0.9626
459831;0.9594
460694;0.9575
462389;0.9621
462939;0.9602
464412;0.9587
465621;0.9617
467168;0.962
468629;0.961
469735;0.964
471187;0.9586
472864;0.959
475157;0.9613
477414;0.963
478927;0.9649
480286;0.9637
481517;0.9649
483291;0.96
486180;0.9658
487349;0.9662
489477;0.9665
490533;0.9659
491559;0.9619
492969;0.9642
494666;0.9626
495467;0.9493
497001;0.9602
498632;0.9694
500392;0.964
501229;0.9635
502265;0.9645
503378;0.9644
504761;0.9663
506291;0.9619
508234;0.9642
510732;0.9631
511798;0.9636
513294;0.9613
514554;0.9638
515773;0.9635
517410;0.9644
518710;0.9543
520470;0.9658
521607;0.9598
523549;0.9594
525050;0.9615
526194;0.9624
527904;0.9667
529939;0.9668
530606;0.9589
532252;0.9659
534605;0.9617
535793;0.9637
537047;0.9625
538971;0.9653
541342;0.9678
542989;0.969
544398;0.9665
545449;0.9673
546723;0.9698
548483;0.9642
549154;0.9656
550017;0.9676
551304;0.968
552103;0.9616
554069;0.97
555170;0.9654
558081;0.9608
559953;0.9704
561195;0.965
562419;0.9594
563594;0.9657
565803;0.9581
567352;0.9659
569490;0.9608
571764;0.9669
573810;0.9562
574892;0.9587
577207;0.9699
578695;0.9663
580181;0.9691
582128;0.9655
583589;0.9666
584892;0.9684
586453;0.964
587662;0.9685
588855;0.9675
590350;0.9544
591300;0.9626
593571;0.9687
595503;0.968
597444;0.9699
598881;0.9688
600727;0.9649
602276;0.9631
603859;0.9702
605260;0.9686
606675;0.9706
607680;0.9706
609257;0.9689
610866;0.9691
611800;0.9679
613038;0.967
614384;0.9677
616320;0.967
617479;0.9702
619031;0.9684
621172;0.968
622396;0.9685
624246;0.9713
626063;0.9712
627789;0.9684
629338;0.9695
630993;0.9689
632839;0.9684
634719;0.9704
635959;0.9729
637390;0.9719
638795;0.9693
641724;0.9727
642443;0.9688
643618;0.9567
646520;0.9729
648119;0.9678
649618;0.9692
650857;0.9743
652507;0.9717
654157;0.9759
656168;0.9769
657788;0.9727
659134;0.9737
660429;0.9764
662062;0.9736
663182;0.9718
665429;0.9719
666746;0.9716
667855;0.9763
669917;0.9769
670664;0.9758
672977;0.9762
674958;0.9729
676569;0.9775
677967;0.9736
679718;0.9746
682395;0.9686
684611;0.959
686097;0.967
687126;0.9743
688889;0.9725
690449;0.9758
692136;0.9777
693414;0.9759
695942;0.9759
696675;0.9743
698455;0.9722
699608;0.9718
700523;0.9708
702902;0.9692
704606;0.9772
706920;0.9758
708214;0.9771
709026;0.9763
710485;0.9762
712626;0.9749
714432;0.9709
715614;0.9739
717802;0.9639
719070;0.9681
720169;0.9703
722093;0.9715
723261;0.9724
724593;0.9762
726093;0.9696
728096;0.97
729282;0.9661
730429;0.9707
731252;0.9727
732909;0.9737
734243;0.9739
735600;0.9736
736938;0.9687
739890;0.9729
741522;0.9594
742849;0.9656
743620;0.9702
745202;0.9743
747299;0.9761
748874;0.9728
750535;0.9726
751715;0.9719
753181;0.9755
755099;0.9768
756888;0.9757
758723;0.9766
760681;0.9681
762957;0.9756
765080;0.9727
767010;0.9785
768896;0.9791
770053;0.9789
772442;0.9778
775092;0.9773
776369;0.9731
777622;0.9807
779404;0.9727
781080;0.9823
782525;0.9799
784158;0.9828
785328;0.9812
786799;0.9822
788057;0.9815
789310;0.9819
790328;0.9799
792690;0.9797
794415;0.9802
796178;0.9813
798419;0.9806
799645;0.9814
800675;0.9814
802247;0.9797
803227;0.9826
805009;0.9825
807060;0.9832
808218;0.9786
809234;0.9815
810516;0.9814
811378;0.9692
812725;0.981
813869;0.9803
814748;0.9824
815795;0.9837
817435;0.9843
818746;0.983
820443;0.9819
821592;0.9815
823457;0.9813
824497;0.9831
826064;0.982
828023;0.9803
829912;0.9797
831550;0.9828
832792;0.982
834098;0.9822
836678;0.9796
838510;0.9787
839546;0.9799
840476;0.9774
842324;0.9708
843639;0.9779
845390;0.9811
846474;0.9809
847689;0.9769
849100;0.9809
851670;0.9812
852892;0.9793
853948;0.9781
855679;0.9785
857046;0.976
858607;0.9794
859638;0.9763
860984;0.9745
862114;0.9821
863493;0.9775
865120;0.9801
866748;0.9839
868603;0.9787
870014;0.9802
871265;0.9789
872551;0.983
874555;0.9848
875321;0.986
877603;0.986
879712;0.9864
881288;0.9862
883033;0.9859
884181;0.9859
886104;0.9847
887105;0.9841
888959;0.9843
891052;0.9793
892322;0.9697
893690;0.9735
895215;0.9813
896256;0.9811
897547;0.9832
899321;0.9828
900309;0.9806
901403;0.9823
902824;0.9831
904420;0.9823
906543;0.9793
908383;0.9802
909303;0.9824
910991;0.9845
912372;0.9831
913448;0.9799
915236;0.9808
916396;0.9822
917283;0.982
919675;0.9847
921047;0.9816
921788;0.9841
922683;0.9856
924657;0.9815
926663;0.9723
928689;0.9584
1433313;FAILED
