153259;START
153259;0.9
154817;0.9
156283;0.9
157488;0.9
159539;0.9
161363;0.9
162080;0.9
163213;0.9
164925;0.9
166536;0.9
167954;0.9
169230;0.9
170367;0.9
171618;0.9
173473;0.9
174873;0.9
176053;0.9
177712;0.9
179892;0.9
181216;0.9
183261;0.9
185903;0.9
187626;0.9
189334;0.9056
190310;0.9175
191419;0.9168
192393;0.9039
194144;0.9156
195216;0.9157
196876;0.9156
198758;0.9133
201193;0.9092
202483;0.9158
204986;0.8952
206557;0.9103
207803;0.9086
209472;0.9104
211505;0.9162
212914;0.9175
215071;0.9193
216880;0.9211
217496;0.9224
219189;0.9245
219901;0.9238
222321;0.9154
224088;0.9186
225265;0.9123
226495;0.9182
227728;0.9235
229015;0.918
230712;0.9209
232420;0.918
234256;0.9144
236531;0.9166
238325;0.9196
239750;0.9203
241715;0.8884
243156;0.9158
244181;0.9226
246252;0.9248
247885;0.9287
249069;0.9119
250598;0.9225
252195;0.9265
253527;0.926
255310;0.9308
256414;0.9326
257510;0.93
258740;0.9315
260228;0.9278
261105;0.9269
262047;0.9294
263723;0.9335
264533;0.9346
265664;0.9338
266835;0.9377
268421;0.94
270058;0.9349
270904;0.9365
272483;0.9407
273026;0.9319
274043;0.9392
276026;0.938
278033;0.9374
279563;0.9436
281353;0.9452
282701;0.9431
283659;0.9403
284581;0.943
285488;0.9445
286672;0.9426
287611;0.9403
289156;0.9174
292569;0.9491
293337;0.9339
295230;0.9449
296857;0.9439
299085;0.9375
299801;0.9403
301039;0.9417
302494;0.9421
303814;0.9413
305587;0.9405
307473;0.9423
308934;0.9442
311198;0.9458
312688;0.9452
314601;0.9503
316262;0.9485
318005;0.9495
319535;0.9521
321274;0.9514
322794;0.9526
324543;0.9489
325961;0.9515
327895;0.9467
329835;0.9449
331183;0.9475
332083;0.9368
333142;0.9393
334930;0.9441
336455;0.9513
338209;0.9476
339641;0.9548
340551;0.9483
341916;0.9441
342644;0.9395
343914;0.9492
345532;0.9516
346757;0.9529
348995;0.9511
350758;0.9466
352976;0.95
355011;0.951
356945;0.9435
359545;0.9555
361222;0.9447
362790;0.9522
365205;0.9433
368173;0.9476
369476;0.9549
371279;0.9496
372911;0.9562
374039;0.9568
375946;0.9554
377006;0.9588
378988;0.9601
380486;0.9606
381717;0.9566
383724;0.9515
385714;0.9495
387067;0.9562
388500;0.9575
390637;0.9577
392432;0.9497
394229;0.9577
395148;0.9589
396418;0.9584
397623;0.9552
398377;0.9596
400018;0.9591
401298;0.9546
403395;0.9556
404971;0.9537
406298;0.9573
408486;0.9594
409837;0.9609
411804;0.9612
412920;0.9608
414167;0.9599
415271;0.9623
416980;0.9574
419194;0.9625
421543;0.9565
423409;0.9606
425141;0.9616
426466;0.952
428136;0.9605
430586;0.9582
432186;0.9569
433306;0.9574
435103;0.9632
436743;0.9626
438185;0.9615
440445;0.9582
442262;0.9575
443870;0.9627
444647;0.963
446030;0.9587
446582;0.9609
448121;0.9617
449106;0.9618
450637;0.9559
452531;0.9622
454216;0.9622
455550;0.9626
457322;0.961
458444;0.9631
459314;0.9639
460472;0.964
462553;0.9645
463828;0.9654
465560;0.9651
466832;0.9654
469301;0.963
470956;0.9605
471882;0.9631
473449;0.9621
474804;0.9609
476541;0.9582
478725;0.9604
479975;0.9531
481721;0.9559
483232;0.9631
483961;0.9657
485592;0.9645
486453;0.9589
488095;0.9596
489085;0.9655
490277;0.9613
491930;0.9584
493395;0.9689
495176;0.9669
496314;0.9691
497725;0.97
499657;0.9689
500382;0.9695
501863;0.9678
503271;0.9683
504085;0.9663
505838;0.9671
506458;0.9657
508616;0.9692
509731;0.9687
511215;0.9655
512450;0.9663
514508;0.9647
515858;0.9605
517212;0.9642
518539;0.9687
520749;0.9667
522391;0.9679
524631;0.9656
525822;0.9701
526986;0.9671
528315;0.9645
529830;0.967
531139;0.9693
532774;0.9672
534146;0.9659
535294;0.9699
537871;0.9721
539503;0.9742
540849;0.9714
541780;0.9718
543771;0.9669
544450;0.9685
545845;0.9425
547984;0.9561
549854;0.9648
550826;0.9722
552531;0.9706
553618;0.9729
555210;0.9736
556529;0.9712
558082;0.9679
559603;0.9736
560685;0.9677
563066;0.9671
564007;0.9733
565007;0.9722
566076;0.9722
568324;0.9655
569963;0.9654
571939;0.9737
573350;0.9718
574693;0.9712
576217;0.9652
577205;0.9696
578622;0.9736
579563;0.973
581173;0.9735
582611;0.974
584348;0.9735
586432;0.9684
588048;0.9746
589603;0.9657
591157;0.9678
592329;0.9717
594157;0.9701
594783;0.972
596416;0.9723
596964;0.971
598889;0.9712
600917;0.9739
602908;0.9691
604147;0.9722
605785;0.9721
607331;0.9687
609619;0.9721
611032;0.9719
612323;0.9734
613732;0.9718
615111;0.9694
616937;0.9703
617713;0.9711
620022;0.9719
621527;0.9688
623169;0.9647
624649;0.9725
626156;0.969
627065;0.9704
628539;0.9711
630139;0.9735
631621;0.9711
633617;0.9684
634766;0.9603
636404;0.9652
637661;0.9682
639123;0.9708
640010;0.9703
641311;0.966
642562;0.9708
644289;0.9728
646453;0.9742
649530;0.9741
651696;0.9753
653276;0.969
654630;0.9691
656006;0.9749
657541;0.9762
658985;0.9773
660423;0.9753
662090;0.9762
663351;0.9733
665447;0.9738
666199;0.9686
667797;0.9608
669002;0.9669
670630;0.9723
672971;0.9633
674598;0.9626
675847;0.9699
676927;0.9747
678465;0.9759
680056;0.9776
680663;0.9786
681989;0.9778
682810;0.9767
684653;0.9707
686246;0.9772
687633;0.9637
689405;0.9721
690523;0.9734
693017;0.969
693882;0.9739
694846;0.9749
696205;0.9773
698182;0.9722
699831;0.963
700703;0.9729
701903;0.9797
704151;0.9789
705722;0.9723
707357;0.9773
708632;0.9794
709774;0.978
711920;0.9771
713578;0.9757
715085;0.9747
717070;0.9751
718547;0.9765
719853;0.9718
721108;0.977
723479;0.9782
725249;0.9762
726822;0.9744
728025;0.98
729761;0.9807
730244;0.9787
731917;0.9769
734255;0.9768
735684;0.9763
737279;0.9806
737895;0.9789
738862;0.9789
740177;0.975
742749;0.978
744678;0.9726
745430;0.978
746795;0.9765
747927;0.9756
749702;0.9747
751268;0.9752
752906;0.9724
754508;0.9712
756822;0.9735
758152;0.9787
759534;0.9795
760836;0.9796
762813;0.9798
764266;0.9795
765566;0.9762
766923;0.9713
767777;0.9729
769104;0.9799
770606;0.9788
772199;0.9786
773434;0.9788
774327;0.9782
776818;0.9774
778706;0.9736
779987;0.9742
780943;0.9743
782400;0.9735
784505;0.975
786429;0.979
787891;0.9814
789426;0.9766
790995;0.98
792266;0.9698
793482;0.9777
794879;0.979
796111;0.9761
796997;0.9766
798601;0.9782
800840;0.9782
801492;0.9783
803043;0.9789
804660;0.9796
805795;0.9756
807708;0.9767
810205;0.9752
811696;0.9682
812697;0.9793
814594;0.9673
816353;0.9725
818612;0.9786
819846;0.976
821265;0.9751
822593;0.9718
823256;0.9776
825251;0.9797
826437;0.9809
827936;0.9803
829503;0.9805
831117;0.9807
833412;0.9825
835179;0.9816
836957;0.9814
838434;0.9775
840004;0.9783
841038;0.983
843083;0.9833
844017;0.9804
846726;0.9774
848137;0.9824
850244;0.9796
852117;0.9778
852960;0.9749
1089335;FOUND
