165519;START
165519;0.9
167703;0.9
169147;0.9
171048;0.9
173104;0.9
174732;0.9
176049;0.9
177066;0.9
179568;0.9
180874;0.9
182699;0.9
185037;0.9
186011;0.9
187466;0.9
188134;0.9004
189088;0.9018
190364;0.909
192036;0.9103
194400;0.9081
195700;0.9076
196514;0.9157
198994;0.9094
200517;0.9164
201351;0.9107
203011;0.9101
204536;0.9119
205380;0.8988
206589;0.9149
208035;0.9135
209294;0.9188
211260;0.8923
213646;0.9185
214979;0.9182
217282;0.9167
218575;0.9151
220545;0.9073
222040;0.9063
223581;0.914
224443;0.9169
225974;0.917
227629;0.9176
228265;0.9189
229178;0.9203
230614;0.9212
232594;0.9145
234344;0.9203
236090;0.918
237637;0.913
239447;0.9149
241683;0.9133
242914;0.9212
244808;0.9216
246008;0.9129
247066;0.9189
248633;0.9178
251004;0.9213
252293;0.9261
253301;0.9151
254918;0.9227
256411;0.9266
258049;0.9204
259003;0.9272
261332;0.9227
262201;0.9234
263975;0.9248
265355;0.9183
267053;0.9287
268135;0.9257
268995;0.9214
270251;0.9307
272358;0.9158
274310;0.9341
275133;0.9336
277092;0.9311
279171;0.933
280278;0.9352
280966;0.9279
282116;0.9365
284298;0.9321
285218;0.933
287467;0.9335
288792;0.9169
291707;0.9363
293255;0.9392
294344;0.9406
295738;0.9325
296923;0.9291
298844;0.9418
301578;0.9411
303490;0.9392
305574;0.9371
306693;0.9372
307926;0.9392
309762;0.9438
310961;0.9437
312764;0.9233
314801;0.9461
316055;0.9452
317502;0.9384
319072;0.941
320749;0.9406
322121;0.9352
323270;0.9378
325420;0.9321
326716;0.9355
328187;0.9374
329572;0.9335
330653;0.9389
331819;0.9409
333597;0.931
334579;0.9379
335842;0.9419
336822;0.9342
338517;0.9427
340201;0.9444
341969;0.9458
344030;0.9445
347141;0.9314
348774;0.9415
350751;0.946
352955;0.941
354550;0.9446
356540;0.9435
358389;0.935
359887;0.9434
361952;0.9446
363840;0.9356
365483;0.9383
367755;0.9423
368746;0.9464
369854;0.9474
371057;0.9512
372528;0.945
374487;0.9517
376879;0.9516
378556;0.9426
380007;0.9353
381230;0.9503
382500;0.9523
383996;0.9472
385369;0.9391
386780;0.95
387547;0.9527
389318;0.9491
391542;0.9536
393166;0.9473
395368;0.9514
396639;0.9531
398753;0.9526
400726;0.9485
402111;0.9347
403641;0.9525
405293;0.9464
407002;0.9549
408430;0.9507
410228;0.9434
412295;0.9484
414161;0.9531
416312;0.9514
418371;0.9488
420425;0.9528
423292;0.9552
425487;0.9557
426331;0.9559
427961;0.9521
430462;0.953
432353;0.9481
433857;0.948
435531;0.9549
436873;0.9582
439051;0.9561
441262;0.9542
442908;0.949
444192;0.9515
445484;0.9492
448133;0.9449
448836;0.9431
450857;0.9546
452251;0.9545
453780;0.9543
455096;0.9446
455967;0.9552
457879;0.9557
460155;0.955
461859;0.9569
463152;0.9518
463978;0.938
465959;0.9559
467294;0.9543
469903;0.9518
471153;0.9552
472982;0.9534
474667;0.9557
475646;0.9565
476950;0.9571
478834;0.9562
480325;0.9552
481390;0.9573
483429;0.9537
485375;0.9585
486892;0.9587
488860;0.9609
490401;0.9616
491631;0.961
493556;0.9589
495609;0.9608
496979;0.9543
498725;0.9609
500476;0.9586
501889;0.9562
503379;0.9607
504280;0.9554
505495;0.9539
506343;0.9575
508010;0.9576
509973;0.9503
511851;0.9585
512850;0.9537
514316;0.9526
516053;0.9581
518013;0.9599
520552;0.9609
522030;0.9473
523717;0.9606
524868;0.957
526032;0.9501
527442;0.9519
529548;0.9555
531757;0.9587
533125;0.9564
536104;0.9567
537187;0.9592
538650;0.9615
540215;0.9548
541371;0.9599
542490;0.9595
544179;0.9621
545833;0.9546
547184;0.9599
548568;0.962
549701;0.9616
550802;0.9614
552756;0.9607
554256;0.9619
556341;0.9635
558705;0.9619
560487;0.9539
561201;0.9659
562749;0.9575
563916;0.9637
565623;0.9642
566437;0.9601
567991;0.9613
570278;0.962
571190;0.9634
573007;0.9618
574806;0.965
576662;0.9635
578727;0.9597
580191;0.9634
581713;0.9634
582954;0.9663
585100;0.9683
585950;0.9672
589236;0.9659
590373;0.9627
591816;0.9653
592988;0.9565
595057;0.962
597276;0.9602
598662;0.9616
600604;0.9678
601777;0.9671
602764;0.9627
604855;0.967
606184;0.9642
607655;0.9686
611115;0.9667
612447;0.9694
614338;0.9686
615802;0.9631
616812;0.9605
619249;0.9649
620662;0.9692
622498;0.9616
623898;0.97
625572;0.9598
626480;0.9546
628013;0.9616
629831;0.9648
630582;0.9667
633250;0.9679
634457;0.9617
636674;0.9657
637740;0.9662
639203;0.9688
639912;0.9684
643306;0.9668
645253;0.968
646614;0.968
648899;0.9643
650165;0.9637
651826;0.9698
652765;0.9702
655053;0.9664
655773;0.9701
656799;0.9659
658486;0.9552
660918;0.9652
663454;0.9667
665129;0.9688
666763;0.9625
668190;0.9686
670016;0.9705
671323;0.9703
672392;0.9689
673284;0.9701
675614;0.9693
677082;0.9669
678415;0.965
680339;0.9593
681179;0.9694
682251;0.9704
684008;0.969
685275;0.9701
686302;0.9705
687127;0.9672
688884;0.9608
690052;0.9715
691022;0.9686
692307;0.9688
694299;0.968
695652;0.9683
697322;0.9688
699734;0.9703
701099;0.9716
702012;0.9718
703501;0.972
704075;0.9715
706514;0.9686
708237;0.9664
709311;0.9707
710851;0.9738
713176;0.9722
713876;0.9704
714970;0.9725
716463;0.9702
718174;0.9715
719318;0.975
720740;0.9693
721926;0.9647
723225;0.97
725545;0.9758
727073;0.973
728972;0.9734
731185;0.9705
732768;0.9708
733914;0.9747
734883;0.9749
736574;0.9711
739069;0.9713
740821;0.9713
742547;0.9736
744457;0.9705
747277;0.969
748511;0.9691
750114;0.9732
751324;0.973
752483;0.9723
754239;0.9716
755523;0.9718
756671;0.9713
758017;0.9744
760630;0.975
762707;0.9743
764328;0.9771
765383;0.9729
766569;0.9732
767508;0.9686
769087;0.9681
770566;0.9753
772503;0.9651
773642;0.9527
776286;0.9737
777464;0.9646
779424;0.9766
780784;0.9749
782857;0.9739
783909;0.9732
785869;0.9732
786611;0.9708
788095;0.9773
789797;0.9746
791466;0.9751
793218;0.9742
794732;0.9748
796774;0.9742
799042;0.9744
800906;0.9732
802882;0.977
804268;0.9774
805495;0.9767
807267;0.9747
810106;0.9715
811278;0.9709
812740;0.9752
814776;0.9762
815873;0.9779
817917;0.9792
819908;0.9789
821301;0.9781
822326;0.9768
824021;0.9698
825880;0.9583
827848;0.9808
829199;0.9735
830024;0.9783
831452;0.9796
832828;0.9804
834342;0.9778
835562;0.9763
837285;0.9726
839563;0.9733
840978;0.976
842673;0.9758
844539;0.9778
846250;0.975
847747;0.9777
849850;0.9784
851352;0.9776
852094;0.978
853683;0.978
855573;0.9751
856602;0.9714
858344;0.9731
860198;0.9796
861016;0.9777
862091;0.9785
864011;0.9798
864811;0.9811
865878;0.9775
867079;0.972
869216;0.9788
870401;0.9774
871603;0.9777
873787;0.9701
952248;FOUND
