147031;START
147031;0.9
149005;0.9
150659;0.9
152177;0.9
154250;0.9
155220;0.9
156875;0.9
158703;0.9
159957;0.9
162076;0.9
163381;0.9
165132;0.9
166569;0.9
167825;0.9015
168743;0.9109
170118;0.9102
172191;0.9081
173627;0.9113
174679;0.9004
175551;0.8951
177341;0.9109
178828;0.9112
181022;0.9052
181962;0.9138
184228;0.9092
186564;0.9121
187634;0.912
189135;0.9074
190844;0.9015
192845;0.8821
193481;0.9087
194842;0.9111
196484;0.9145
198161;0.9105
200117;0.9101
201240;0.9094
202385;0.9133
203481;0.9119
204768;0.9139
206515;0.9171
208009;0.9147
210045;0.9173
212001;0.9191
213144;0.9211
214054;0.9218
214862;0.9139
216714;0.9062
218214;0.9051
220594;0.9034
222146;0.923
223967;0.9156
226015;0.9118
228591;0.9204
229516;0.9246
232270;0.9212
233521;0.917
235926;0.9253
236597;0.901
238441;0.9072
239696;0.9231
241931;0.9243
243407;0.9174
244954;0.9253
245684;0.927
247125;0.9258
248448;0.9265
249767;0.9291
250587;0.9299
251482;0.9256
253333;0.9316
254790;0.9214
256545;0.9306
257604;0.9265
258850;0.9354
259897;0.9324
261057;0.9353
262470;0.9354
265463;0.9404
268158;0.9391
270905;0.9313
273058;0.9359
274600;0.9372
276213;0.9296
277555;0.937
279370;0.9379
280845;0.9426
283066;0.94
284409;0.9322
285856;0.94
286789;0.9438
289178;0.942
290155;0.9321
291770;0.9466
293539;0.9458
295313;0.9441
296324;0.9457
297780;0.9475
299165;0.9485
299689;0.9419
300633;0.9476
302173;0.9383
303361;0.9426
304917;0.9412
306903;0.943
308743;0.9441
310536;0.945
311647;0.9472
312956;0.9483
314425;0.9403
316268;0.9288
318126;0.9475
319236;0.9469
320131;0.9427
322456;0.9404
324576;0.9428
325900;0.9475
326784;0.9475
328188;0.9367
329584;0.9425
331043;0.9488
333281;0.9462
334897;0.9459
337446;0.9416
339280;0.9531
341179;0.9405
342968;0.9533
343739;0.9502
345127;0.9547
347042;0.9505
348925;0.9517
349759;0.951
351503;0.9503
352891;0.9459
354244;0.9483
356205;0.9431
357009;0.9417
358200;0.9412
359912;0.9318
361406;0.9443
362922;0.9394
363583;0.9489
365397;0.9507
366999;0.9529
368063;0.9511
369536;0.9495
370915;0.9544
372697;0.9385
373707;0.9426
374652;0.9377
376176;0.9527
377523;0.95
379475;0.9546
380148;0.9549
381994;0.9547
383834;0.9536
384786;0.9516
387096;0.94
388278;0.9323
390404;0.9493
391843;0.9543
392953;0.9515
394130;0.949
396555;0.9537
398235;0.9507
401008;0.9351
402076;0.955
404596;0.9542
406260;0.9512
407335;0.9524
408761;0.9486
409676;0.9525
410585;0.953
411622;0.9543
413778;0.9503
414943;0.9547
415822;0.9526
416888;0.9529
418397;0.955
419253;0.9559
422123;0.9532
423227;0.9505
424574;0.9603
426987;0.9601
428875;0.9628
430405;0.9619
432536;0.9548
433959;0.9532
436167;0.9366
438492;0.9594
440021;0.9445
441186;0.9624
443258;0.9584
444210;0.9586
445872;0.9616
447916;0.9593
449485;0.9561
451367;0.9627
453254;0.9593
454788;0.9503
455917;0.9587
458170;0.9628
459350;0.9567
460912;0.9583
462198;0.9558
463944;0.9546
465213;0.9574
466973;0.9549
469059;0.9564
471372;0.9544
472533;0.9595
474020;0.9627
475621;0.9622
476847;0.9651
478243;0.9638
479051;0.964
480452;0.9576
481583;0.9593
483794;0.9649
485088;0.9636
486385;0.9643
488023;0.9632
489221;0.9664
490756;0.9644
492237;0.965
493020;0.9655
494154;0.9622
495127;0.9664
496912;0.9588
498259;0.9647
500478;0.9647
501829;0.9641
503019;0.9614
504431;0.9541
505955;0.9626
506705;0.9621
508289;0.9638
509524;0.9651
511320;0.9675
512496;0.9686
513202;0.9668
515308;0.9674
517899;0.9674
519519;0.9654
520552;0.9612
522195;0.9628
524190;0.9607
525181;0.9584
526494;0.9615
527889;0.9674
529864;0.9684
531403;0.9667
532836;0.9653
534233;0.9651
535926;0.967
538541;0.9647
539901;0.9707
542272;0.9671
543604;0.9558
545019;0.9689
546433;0.9685
548416;0.9639
549905;0.9574
552340;0.9578
553772;0.9463
555583;0.965
557024;0.9579
558319;0.9646
559627;0.9648
560896;0.9627
562392;0.9627
563437;0.9625
565286;0.9633
566435;0.9651
568439;0.9574
569482;0.9593
570377;0.9639
571205;0.9657
572473;0.9647
574326;0.9658
575363;0.964
577191;0.9609
578871;0.9583
580012;0.9639
582153;0.9671
583193;0.9706
584576;0.9693
585758;0.9684
587983;0.9556
589284;0.9707
590866;0.9706
592565;0.9692
593859;0.9706
596057;0.9635
597681;0.9655
598747;0.962
599943;0.9695
601638;0.9688
602703;0.9701
604267;0.9656
605496;0.9659
606983;0.965
608432;0.9694
611980;0.9675
615095;0.965
616045;0.9728
617190;0.9754
618770;0.974
620143;0.9752
621665;0.9733
622591;0.9728
624637;0.9735
625630;0.9735
626985;0.9725
628681;0.9758
630872;0.974
631343;0.9754
633022;0.9759
635408;0.9694
636653;0.964
638567;0.9714
640056;0.9715
642077;0.9699
643148;0.9678
643989;0.9709
645922;0.9711
647042;0.9723
648654;0.9727
649679;0.9687
650830;0.9707
652463;0.9742
654119;0.9702
655169;0.9735
657434;0.9758
659599;0.976
661123;0.9747
662790;0.9738
664816;0.9768
667100;0.9769
668962;0.9756
671348;0.9775
672731;0.9771
674322;0.9773
677066;0.9777
678648;0.9744
680520;0.9768
681772;0.9753
682458;0.9762
683234;0.9768
684926;0.9721
686891;0.9715
688079;0.9704
689085;0.9709
690872;0.9686
692606;0.9704
693558;0.9687
694433;0.9737
696240;0.9738
697193;0.9717
698338;0.9745
699654;0.9715
701450;0.9681
702296;0.9758
703819;0.9772
705261;0.976
707778;0.9759
709340;0.9756
711420;0.9773
714485;0.9778
715459;0.9778
716943;0.9747
718517;0.9675
720132;0.9661
721815;0.9768
723970;0.977
725591;0.9755
727379;0.9761
728915;0.9772
730641;0.9775
732065;0.9778
733124;0.9768
734193;0.9778
735931;0.9777
737473;0.9769
739522;0.9767
741049;0.9723
742237;0.9726
743579;0.9736
745682;0.9735
746797;0.9716
748474;0.9733
750018;0.9734
751794;0.979
754310;0.9797
755109;0.9784
756554;0.9786
757548;0.9764
758596;0.9786
759603;0.9784
761335;0.9796
762989;0.9772
765587;0.9772
766550;0.9758
768163;0.9769
769922;0.9761
770983;0.9796
771933;0.9809
773378;0.9749
774520;0.9796
776173;0.9784
777693;0.981
778956;0.9732
780393;0.9609
781729;0.9806
783852;0.9752
785303;0.9773
786760;0.9781
787676;0.984
789846;0.9825
791394;0.9741
793285;0.981
794528;0.9745
796371;0.9807
798292;0.98
800672;0.9819
801905;0.9821
803066;0.9795
804220;0.9801
806017;0.9799
808288;0.9803
809592;0.9804
811089;0.9798
812276;0.9813
814136;0.9801
816119;0.9836
817335;0.9823
819400;0.9806
820968;0.9826
822421;0.9826
823938;0.9821
824822;0.9776
826345;0.978
827400;0.9812
828519;0.9805
830063;0.9847
831469;0.9816
832557;0.9778
833353;0.9771
834330;0.9766
836054;0.9839
838463;0.9835
839501;0.9819
840337;0.9837
841692;0.9797
843276;0.9709
844421;0.9762
845784;0.9746
847043;0.9776
848256;0.98
849526;0.9648
851255;0.9815
853046;0.9814
854630;0.9814
856761;0.9827
858393;0.9828
859464;0.9825
861196;0.9848
862251;0.986
862790;0.9857
864376;0.9857
866035;0.9837
867654;0.9842
868873;0.9782
870193;0.9796
871882;0.9845
873753;0.9803
875369;0.9839
877224;0.985
878139;0.984
879155;0.9842
879993;0.9823
881471;0.9826
883330;0.9843
884375;0.9849
885998;0.9856
887327;0.9815
888536;0.9823
889944;0.982
892387;0.9831
894088;0.9823
894751;0.9851
895710;0.9846
897232;0.9785
898482;0.9856
899832;0.9863
901586;0.9865
902894;0.9852
903870;0.9839
904922;0.9827
906509;0.9826
908547;0.9811
909943;0.9818
911632;0.9827
913127;0.9806
914741;0.9842
916630;0.9843
917654;0.9847
918975;0.9838
920529;0.9825
921621;0.9835
923395;0.9839
924453;0.9838
926755;0.9783
928303;0.981
929604;0.9829
930903;0.9835
932230;0.9865
934726;0.9868
935756;0.9861
937465;0.9869
940550;0.9866
941615;0.9855
943052;0.9853
944267;0.9844
946099;0.9771
946939;0.9854
948811;0.987
950744;0.9883
952304;0.9877
954156;0.9859
956597;0.9882
958649;0.9887
960905;0.9879
962280;0.9884
963280;0.9893
965122;0.9887
967880;0.9884
969347;0.9885
971193;0.9881
972793;0.9886
973906;0.9888
975411;0.9881
977354;0.9882
978902;0.9884
979741;0.9882
981786;0.9878
982796;0.9816
983892;0.9761
1101522;FAILED
