164876;START
164876;0.9
166142;0.9
168043;0.9
169673;0.9
170894;0.9
171747;0.9
174171;0.9
175603;0.9
176968;0.9
178810;0.9
180184;0.9
181168;0.9
182698;0.9
184783;0.9001
186276;0.9061
187513;0.9103
189274;0.9143
191185;0.9191
192829;0.9137
194996;0.8937
197650;0.9079
198634;0.9174
199714;0.8917
201825;0.9132
203150;0.9006
204680;0.8658
206725;0.9168
207995;0.9168
209307;0.916
211172;0.9152
214226;0.9114
216197;0.914
217573;0.9173
218516;0.917
220408;0.917
221771;0.9183
222934;0.9203
225810;0.9214
226783;0.9206
227966;0.9231
229422;0.9181
230700;0.9185
232239;0.9227
233599;0.9241
235267;0.9232
236481;0.9204
238000;0.9171
239924;0.9213
240966;0.9271
242084;0.9232
243612;0.9299
245183;0.9261
247222;0.9262
248397;0.9258
250371;0.9266
251306;0.9267
252556;0.9289
253827;0.9296
256488;0.9264
258054;0.9226
259967;0.9172
261784;0.9132
262774;0.9209
263885;0.9137
265177;0.8921
266734;0.9206
268432;0.8884
269804;0.9181
271034;0.9183
272755;0.9274
274923;0.9212
276292;0.9236
278277;0.9312
279642;0.9327
281307;0.9319
282491;0.9299
284170;0.9257
286098;0.9354
288148;0.9347
289695;0.9356
291272;0.936
293115;0.9387
294309;0.9338
296553;0.9334
297808;0.9369
299012;0.9286
300229;0.9294
301705;0.9355
302983;0.9375
304459;0.9382
306300;0.9398
308207;0.9384
311067;0.9372
313613;0.9374
314866;0.9382
317044;0.9378
317921;0.9379
319802;0.9385
321941;0.9366
324251;0.9416
325617;0.9399
326727;0.9407
328149;0.9369
329641;0.9344
331206;0.9372
332739;0.9316
333932;0.9442
335846;0.9464
336882;0.9462
338660;0.9445
340415;0.9458
342712;0.9444
344924;0.9388
346296;0.9471
348541;0.9413
350672;0.9408
351773;0.9424
353292;0.9399
354628;0.9503
357110;0.9508
358351;0.9495
359693;0.9516
361424;0.9504
363324;0.9509
365221;0.95
365779;0.9509
367273;0.9455
368339;0.9493
369972;0.9502
371191;0.9494
372859;0.9489
373754;0.9489
376292;0.9482
378448;0.9455
379615;0.9446
381494;0.9445
383170;0.9478
384641;0.9504
386627;0.9495
388619;0.9519
389437;0.9477
390501;0.9523
391685;0.9522
393405;0.9514
395120;0.941
397541;0.9544
398282;0.9525
399612;0.9556
401089;0.9543
402655;0.9553
404343;0.9562
405895;0.952
407714;0.953
409315;0.9535
410883;0.9557
411606;0.9566
412767;0.9567
413796;0.9579
415074;0.9555
416292;0.9476
417843;0.9558
419861;0.9547
421395;0.9566
423487;0.9595
425165;0.958
426448;0.9565
427923;0.9534
429838;0.9553
432068;0.9584
434371;0.9573
435450;0.9573
438168;0.9579
440549;0.9496
441638;0.9553
443076;0.9584
444366;0.9605
445123;0.957
446355;0.9601
448088;0.9617
449881;0.9618
450886;0.9633
451769;0.9633
454457;0.9655
455573;0.9642
457339;0.9617
458854;0.945
460853;0.9607
462812;0.9629
463844;0.9617
466046;0.9559
468039;0.9668
469806;0.9652
470979;0.9626
472638;0.9595
474072;0.9621
475613;0.9517
477000;0.9597
479180;0.9608
480473;0.9589
481680;0.9612
483571;0.9596
485531;0.9609
487619;0.9568
488959;0.9597
490375;0.9514
491610;0.9569
493269;0.9573
495171;0.9607
496686;0.9585
498995;0.9642
500045;0.9632
501660;0.9664
503309;0.9587
505960;0.9623
508647;0.9649
509756;0.9652
511114;0.9637
511870;0.9638
514696;0.9632
515369;0.9574
517125;0.9634
518372;0.9552
519724;0.9596
521390;0.9513
523752;0.9554
524784;0.9642
526639;0.9679
527835;0.9675
528923;0.9663
530424;0.9565
531630;0.9685
533251;0.9673
534485;0.9671
535597;0.9684
536807;0.9681
538919;0.9676
539982;0.9678
541541;0.9683
543447;0.9638
544419;0.9682
546182;0.9595
547721;0.9644
548734;0.966
550092;0.9681
551052;0.9663
552545;0.9618
554500;0.9598
555627;0.9642
557062;0.9667
558563;0.972
559357;0.9717
561447;0.9681
562668;0.9663
563699;0.9671
565274;0.968
566823;0.9704
567676;0.9682
568735;0.9698
570919;0.968
572806;0.9706
573838;0.9711
576052;0.9689
578271;0.971
579421;0.9698
580993;0.9717
582352;0.9716
584664;0.9732
585931;0.9716
588122;0.9706
589374;0.9664
591657;0.9694
593778;0.9701
595400;0.9699
596635;0.9703
597818;0.9715
599184;0.9709
601031;0.97
602631;0.9702
604374;0.9713
605997;0.9709
608268;0.9671
609338;0.9696
611048;0.9674
613332;0.9683
614144;0.9719
615794;0.9723
617449;0.9712
618727;0.9723
619672;0.9732
622459;0.971
623412;0.9739
625669;0.9683
626449;0.977
627684;0.976
628384;0.9736
630760;0.9754
631714;0.9764
632777;0.974
633444;0.9721
634886;0.9689
636804;0.9707
638527;0.9707
640572;0.9703
641962;0.9717
643617;0.9733
644401;0.9765
646003;0.968
646759;0.9693
647267;0.9726
648211;0.9739
649530;0.9746
650829;0.9727
652076;0.9698
653143;0.9668
654463;0.9745
655621;0.974
656765;0.9764
657709;0.9733
659592;0.9721
660159;0.9761
662467;0.9771
664348;0.9758
665805;0.9772
667246;0.9739
668275;0.971
669967;0.9776
671158;0.9766
672596;0.9735
673246;0.9729
674608;0.9686
675726;0.9516
676832;0.9696
677873;0.9694
678996;0.9683
679673;0.9692
680761;0.9707
682742;0.9733
683571;0.9739
684705;0.9754
686312;0.9746
687963;0.973
690592;0.9759
692844;0.9754
694027;0.9747
695764;0.9732
697573;0.9767
698842;0.9771
700764;0.9774
702197;0.9744
703505;0.9785
705057;0.9783
705995;0.9747
708115;0.98
709665;0.9804
711173;0.9802
712206;0.9725
714373;0.9765
715252;0.9781
717342;0.9781
718629;0.9769
720291;0.9769
722297;0.971
723359;0.9715
725125;0.9756
726475;0.9762
727144;0.9781
728721;0.9749
730115;0.9685
731923;0.9798
733358;0.9805
734448;0.9719
736486;0.9795
737524;0.9771
739395;0.9787
741157;0.9785
743331;0.9815
745804;0.9795
747104;0.9788
749866;0.9799
751334;0.98
752772;0.9805
754137;0.9793
756415;0.9788
758483;0.9797
759294;0.9799
760366;0.9805
762045;0.9764
764112;0.9743
765513;0.9594
767949;0.9668
769590;0.9765
771085;0.9713
772303;0.9731
774148;0.9749
776025;0.9779
777621;0.9752
779056;0.974
780377;0.9765
782956;0.9721
784214;0.9758
785535;0.9765
788641;0.9766
790939;0.9774
792655;0.9776
794024;0.9774
794701;0.9747
796651;0.9727
798527;0.9771
799553;0.9756
801423;0.9776
802886;0.976
805054;0.9755
807572;0.9799
809361;0.9809
811142;0.9806
811932;0.9811
813218;0.9815
814322;0.9763
816411;0.9789
817833;0.9784
819235;0.9794
820090;0.9827
822126;0.9814
824071;0.984
825635;0.9774
826745;0.9785
828132;0.9804
829277;0.9775
830507;0.9762
831893;0.9763
833319;0.9762
834301;0.9784
835078;0.9796
837360;0.9788
840044;0.9805
841482;0.9801
844218;0.9809
845335;0.9802
847106;0.9821
849114;0.9818
850945;0.9819
852651;0.9817
854022;0.9804
855491;0.9818
856443;0.9812
857859;0.9795
859014;0.9798
859926;0.9799
861302;0.9816
863839;0.9817
864748;0.9821
867870;0.9807
869742;0.9812
871015;0.9794
872085;0.9811
874519;0.982
875813;0.981
877542;0.9784
879551;0.9805
880893;0.9789
882486;0.9779
883709;0.9794
884766;0.9752
1190378;FAILED
