160860;START
160860;0.9
163443;0.9
165611;0.9
167030;0.9
168638;0.9
171728;0.9
173142;0.9
174299;0.9
176244;0.9
178542;0.9
179917;0.9
181087;0.9
183094;0.9
185223;0.9
187855;0.9
189275;0.9
190728;0.9
192878;0.9
194437;0.9
196082;0.9
197694;0.9
198683;0.9
200381;0.9
201990;0.9
202985;0.9
203799;0.9
205965;0.9
206844;0.9
208184;0.9
209530;0.9
210417;0.9168
212014;0.903
214211;0.9178
215519;0.9123
218167;0.9197
220111;0.9201
220937;0.9148
222110;0.9172
223384;0.9184
224345;0.9198
226301;0.9199
228104;0.9188
228858;0.918
230928;0.9233
231977;0.9232
233700;0.9176
234728;0.9192
235957;0.9207
237430;0.9208
238788;0.9182
240823;0.924
241482;0.922
243556;0.9226
245229;0.9139
246780;0.9221
248204;0.917
249982;0.9174
252054;0.9079
253973;0.9235
255685;0.9154
257170;0.9269
258772;0.914
260659;0.9296
261564;0.9301
264012;0.9207
265538;0.9233
267161;0.9264
269357;0.9263
271089;0.9303
272639;0.9303
274287;0.9313
275331;0.9281
275842;0.9293
277236;0.9195
278959;0.8974
280161;0.9279
281482;0.8962
283051;0.9025
284638;0.9355
285780;0.9196
287016;0.9341
289213;0.9359
291012;0.9335
292911;0.9346
293645;0.9329
295132;0.929
296646;0.9306
297706;0.9272
299154;0.9294
300466;0.9298
302218;0.9268
304037;0.9301
306083;0.9298
307434;0.938
308539;0.9402
311123;0.9312
313160;0.9297
314576;0.9411
316222;0.9348
317434;0.9379
318298;0.9366
319900;0.9354
321455;0.9396
322877;0.9393
324422;0.9395
325863;0.9372
327282;0.9396
328290;0.9394
330111;0.9396
331229;0.9317
333142;0.9424
334160;0.9425
335331;0.9438
337035;0.9412
338065;0.9447
339874;0.9444
341754;0.9452
343317;0.9324
345509;0.9458
346852;0.9432
348150;0.9426
349019;0.9418
350494;0.9403
351933;0.9394
352978;0.9431
354549;0.9356
356355;0.9316
357698;0.9307
358799;0.9338
359467;0.9329
361134;0.9261
362391;0.9206
363739;0.9313
365058;0.9349
368032;0.9394
370350;0.9397
371743;0.9398
372989;0.9439
374183;0.9407
375318;0.9418
375875;0.9423
377012;0.9383
378260;0.9386
380105;0.9466
380767;0.9436
383111;0.937
384869;0.9407
386605;0.9473
387969;0.9471
389626;0.9488
391298;0.9515
392485;0.9508
393624;0.9511
395035;0.952
396239;0.949
397113;0.9531
398322;0.9499
399901;0.9461
400812;0.941
401755;0.952
402962;0.9334
403924;0.9317
405055;0.9445
406462;0.9317
408396;0.9403
409939;0.9477
411796;0.9492
413018;0.9315
414449;0.933
415467;0.9472
416946;0.9448
417814;0.9456
420162;0.9424
422260;0.9472
423750;0.9464
425760;0.9364
427042;0.9489
428201;0.9491
429976;0.9435
431868;0.9504
433520;0.9508
434627;0.9554
436751;0.9548
438217;0.939
439098;0.9532
440495;0.9473
441541;0.9503
443787;0.9512
445338;0.9468
447626;0.9506
448589;0.9516
450704;0.9531
452517;0.9459
454909;0.9582
456782;0.9599
457675;0.9577
460990;0.948
462606;0.9607
463938;0.9582
465044;0.9571
466691;0.9498
467919;0.9568
468694;0.9559
469959;0.9569
470797;0.9254
472675;0.9566
473927;0.954
476084;0.953
477712;0.952
478867;0.9551
479747;0.9529
480613;0.9494
483095;0.9426
484641;0.9436
487146;0.9509
488524;0.9565
490269;0.9597
491712;0.9563
493550;0.955
495073;0.9557
496376;0.9557
497846;0.9565
499671;0.9534
501033;0.9595
502951;0.9599
505080;0.9496
506033;0.96
507732;0.9568
509696;0.9596
511302;0.9582
512639;0.955
513794;0.9598
515453;0.9606
516503;0.9572
517646;0.9568
518903;0.9587
520943;0.9544
523131;0.9559
524073;0.9487
525090;0.9335
526989;0.9423
528360;0.9559
529624;0.9627
530803;0.961
532613;0.9615
534461;0.9585
535423;0.954
537329;0.9533
538659;0.9535
540198;0.9588
541299;0.9515
542496;0.9604
543657;0.9515
545234;0.952
547276;0.9582
548350;0.9566
550383;0.9608
551878;0.9609
553379;0.9624
556007;0.9646
557142;0.9647
558301;0.9633
559352;0.9568
560539;0.9571
561677;0.9605
563154;0.9561
564335;0.9502
565475;0.9555
567239;0.954
568920;0.9455
569324;0.9397
570391;0.9531
571761;0.9566
573613;0.9576
574775;0.9585
576291;0.9644
578344;0.9625
580037;0.9597
582691;0.9637
584555;0.9623
586270;0.9632
587258;0.9645
588333;0.965
589420;0.9641
591030;0.9609
592332;0.9547
594359;0.9658
595500;0.9546
596822;0.9543
597951;0.9629
600000;0.9671
601800;0.9658
602818;0.968
604640;0.9627
606051;0.9606
608229;0.9622
609682;0.9612
611239;0.9637
613495;0.9658
615491;0.9665
616075;0.9661
618010;0.9666
620268;0.9689
621869;0.9683
623338;0.9663
624433;0.9648
625506;0.9611
626130;0.9643
628874;0.9611
629987;0.9658
630969;0.9607
631800;0.9648
633859;0.9674
635203;0.9584
636932;0.9625
638437;0.9672
640307;0.9667
641736;0.9667
642339;0.9674
643366;0.9607
644325;0.962
645731;0.9643
647627;0.9621
648745;0.9604
649659;0.9629
650716;0.9571
652625;0.9621
653874;0.9627
655202;0.9671
656728;0.9664
659696;0.9631
661282;0.9665
662065;0.9676
663568;0.9605
665258;0.9638
667008;0.9612
668983;0.9661
671535;0.9661
672848;0.9519
675426;0.9441
676822;0.9653
678223;0.9607
679902;0.963
681780;0.9646
682953;0.9655
683868;0.9649
685283;0.9625
685800;0.9661
687098;0.965
687937;0.9623
689216;0.9673
691307;0.9672
692858;0.9651
693765;0.9698
694703;0.968
696180;0.9702
697824;0.9693
699745;0.9658
700944;0.9645
702323;0.961
703598;0.9697
705357;0.969
706979;0.9673
708261;0.9668
709180;0.9679
710346;0.9684
711848;0.9688
714409;0.9693
717078;0.9671
718500;0.9674
721016;0.9672
722193;0.9598
724083;0.9603
725759;0.9633
727696;0.9675
729574;0.9684
730878;0.9656
732251;0.9704
734486;0.9725
735736;0.9728
737358;0.9728
738740;0.9708
739908;0.9715
741493;0.9725
744204;0.9712
745903;0.974
747490;0.9744
749550;0.9736
750161;0.9751
751622;0.975
753030;0.9741
753834;0.9734
755066;0.9743
756476;0.9692
757780;0.9696
759258;0.9698
760671;0.9696
762519;0.9715
764773;0.9685
766045;0.9651
768312;0.9655
769829;0.9661
771460;0.9699
773090;0.9714
774478;0.966
775786;0.9676
777655;0.969
779120;0.9692
781956;0.9688
783008;0.9674
784261;0.9684
785725;0.9698
786928;0.9676
788349;0.9692
789722;0.9708
790813;0.9716
792042;0.972
792791;0.9699
793906;0.9692
795605;0.9686
797063;0.9686
798708;0.967
799748;0.9586
800818;0.9678
802335;0.9702
804398;0.9668
806327;0.9641
807615;0.9681
808615;0.969
809657;0.9702
811163;0.9698
812131;0.9671
813675;0.9671
815001;0.9665
816499;0.9629
818274;0.9681
820103;0.967
821304;0.9629
823242;0.9702
825974;0.9675
828192;0.9663
829336;0.9673
831705;0.9707
832668;0.9689
834998;0.9679
836304;0.9658
838023;0.9701
839143;0.9708
840637;0.9696
842418;0.9643
844271;0.9711
845650;0.9722
847257;0.9736
849048;0.9746
851483;0.9724
852810;0.9688
853950;0.9655
855885;0.9688
857149;0.9617
858520;0.9676
860475;0.9751
861773;0.9749
863525;0.9707
864385;0.9675
866059;0.9706
867269;0.9763
868518;0.9746
870023;0.9737
872233;0.9642
873351;0.9689
874577;0.9697
876716;0.9667
877866;0.9661
879164;0.9654
881251;0.9655
883158;0.9667
884553;0.9707
885868;0.9728
887044;0.9707
888057;0.9626
890400;0.9724
893262;0.9741
894614;0.9709
897162;0.9689
898849;0.9725
899715;0.9753
900723;0.9703
903074;0.9718
904655;0.9736
906037;0.9722
907686;0.9763
909057;0.9727
910619;0.976
912174;0.9759
914387;0.9758
915123;0.9748
916661;0.9714
918105;0.9743
919502;0.9743
920818;0.9679
922029;0.9666
923761;0.9711
925225;0.9576
926077;0.9683
927192;0.972
929410;0.9731
931453;0.9721
933444;0.9751
934703;0.9728
935832;0.9763
937560;0.9758
938784;0.9761
940538;0.9774
942029;0.9783
942807;0.9761
944587;0.9736
945770;0.9724
947417;0.9715
948540;0.9742
949504;0.9749
951003;0.9706
952883;0.9714
953936;0.9733
955103;0.9667
957253;0.97
958661;0.9725
960148;0.9738
961730;0.9699
963056;0.9749
964373;0.972
965806;0.9655
967845;0.9672
968831;0.9722
970149;0.9731
971939;0.9666
973876;0.9716
974890;0.9712
976206;0.9708
977100;0.975
978346;0.971
980066;0.9756
981513;0.9714
982787;0.9752
985609;0.9733
987561;0.9764
990044;0.9741
991438;0.9766
993265;0.9754
994601;0.9753
995854;0.9722
996750;0.9757
998005;0.9766
999795;0.977
1001398;0.9776
1002423;0.9777
1003599;0.9763
1005438;0.9744
1006483;0.9764
1007503;0.9771
1008691;0.9763
1009816;0.9638
1012357;0.9647
1013891;0.9766
1016333;0.9721
1017580;0.9783
1018687;0.9773
1021152;0.9742
1023187;0.9755
1024094;0.9773
1026976;0.9777
1028504;0.9711
1029930;0.9769
1032055;0.9795
1033013;0.9747
1034898;0.9774
1036291;0.9722
1038195;0.976
1039295;0.9776
1041138;0.9768
1043318;0.9797
1044771;0.9749
1046181;0.9653
1047229;0.9782
1049573;0.9749
1050915;0.9791
1052186;0.9789
1054368;0.9802
1056373;0.9802
1057165;0.9792
1058704;0.9797
1060473;0.9755
1062089;0.9766
1063846;0.9775
1065373;0.9768
1066671;0.9774
1069118;0.9742
1071363;0.9734
1073136;0.9715
1075685;0.9775
1077163;0.9732
1078847;0.9773
1079730;0.9684
1080563;0.9732
1081837;0.9736
1083647;0.9758
1085790;0.9769
1086837;0.977
1088082;0.9753
1089845;0.9794
1090608;0.975
1092909;0.9771
1093481;0.9742
1094946;0.9723
1096729;0.9754
1097845;0.9791
1100071;0.9801
1101112;0.9731
1102714;0.9755
1104117;0.978
1105695;0.9786
1107019;0.9808
1108282;0.9816
1109636;0.9812
1111241;0.9788
1112268;0.9804
1113796;0.9777
1115834;0.9784
1116557;0.978
1118127;0.9797
1118978;0.9783
1119796;0.9788
1121042;0.9739
1122152;0.9774
1123638;0.9794
1124689;0.9788
1126070;0.9792
1127408;0.9802
1129789;0.9795
1130716;0.9804
1132219;0.9812
1134311;0.9822
1135691;0.9821
1137899;0.9784
1140325;0.9779
1141387;0.9788
1142915;0.9812
1144896;0.9809
1145755;0.9804
1147017;0.9799
1149929;0.9788
1152740;0.9798
1154764;0.9805
1157455;0.981
1158569;0.9802
1161122;0.9789
1162345;0.9804
1163728;0.9807
1165804;0.9812
1166855;0.9804
1168226;0.98
1169133;0.9799
1170485;0.9798
1171816;0.9801
1174510;0.9802
1177044;0.9772
1178445;0.9811
1180784;0.9779
1181780;0.9801
1183079;0.9813
1184575;0.9801
1186321;0.9816
1187640;0.98
1188848;0.9798
1191328;0.9806
1193056;0.9805
1195743;0.9803
1197940;0.9772
1199425;0.9811
1200413;0.9811
1201461;0.981
1202226;0.9787
1202705;0.979
1203448;0.9774
1204631;0.9773
1205864;0.977
1208005;0.9752
1210567;0.978
1212329;0.977
1214047;0.9808
1215418;0.9816
1217976;0.9801
1219311;0.9769
1220854;0.9783
1222620;0.975
1223845;0.9815
1225876;0.9768
1227128;0.9799
1228213;0.9806
1230121;0.9779
1231267;0.9804
1231893;0.9777
1233651;0.9715
1234910;0.9758
1236274;0.9731
1237700;0.9653
1239666;0.9756
1240500;0.9761
1241203;0.9764
1242607;0.9756
1243758;0.9765
1245010;0.9799
1246313;0.9798
1247772;0.9805
1249190;0.9823
1250627;0.9804
1251139;0.9829
1253145;0.9832
1255092;0.9828
1256890;0.9834
1258242;0.9837
1259303;0.9815
1260738;0.9798
1262035;0.9805
1262987;0.9812
1264874;0.9778
1266122;0.9805
1267932;0.9811
1270039;0.9785
1271770;0.9832
1273458;0.9835
1274767;0.983
1276512;0.9813
1277128;0.9813
1279516;0.9809
1281323;0.9823
1282354;0.9826
1284520;0.9831
1286370;0.9828
1287707;0.9803
1289904;0.9746
1290845;0.9814
1291971;0.9834
1293068;0.9811
1295243;0.9813
1296311;0.9809
1297254;0.982
1299211;0.9832
1300169;0.9761
1301769;0.9843
1302789;0.9821
1304063;0.9823
1306055;0.9805
1307925;0.9827
1309160;0.9828
1310132;0.9827
1311332;0.985
1312379;0.9792
1314492;0.9846
1315866;0.9839
1317397;0.983
1318945;0.9823
1320327;0.9818
1321679;0.9817
1322700;0.9753
1324509;0.9789
1325564;0.9829
1326524;0.9804
1327896;0.9807
1329941;0.9799
1330815;0.9822
1332664;0.9823
1334307;0.9811
1335374;0.982
1336659;0.9828
1338126;0.9763
1339416;0.9819
1341005;0.9803
1342308;0.9806
1343359;0.9809
1344744;0.9818
1345716;0.9815
1347168;0.981
1348284;0.9788
1349243;0.9754
1350609;0.9814
1352004;0.9814
1353229;0.9791
1354566;0.9836
1355630;0.9806
1499172;FAILED
