26315;START
26315;0.9
26613;0.9
26842;0.9
27056;0.9
27345;0.9
27634;0.9
27853;0.9
28094;0.9
28321;0.9
28572;0.9
28774;0.9
29066;0.9622
29190;0.9745
29290;0.9931
29425;0.9887
29576;0.994
29831;0.9949
29988;0.9978
30264;0.9983
30607;0.9999
30871;0.9995
31075;0.9978
31472;0.9999
31769;1.0
31960;1.0
32180;1.0
32521;1.0
32856;0.9991
33000;0.9991
33246;0.9999
33657;0.9999
33966;0.9999
34098;0.9999
34463;0.9999
34623;0.9999
35038;0.9999
35370;0.9999
35630;0.9999
36037;0.9999
36327;0.9999
36523;0.9999
36944;0.9999
37330;0.9999
37552;0.9999
37854;0.9999
38136;0.9999
38497;0.9999
38885;0.9999
39162;0.9999
39548;0.9999
39769;0.9999
40011;0.9999
40238;0.9999
40498;0.9999
40700;0.9999
40833;0.9999
41113;0.9999
41370;1.0
41653;1.0
41830;0.9985
42049;1.0
42244;1.0
42426;1.0
42650;1.0
42898;1.0
43077;1.0
43295;1.0
43537;1.0
43822;1.0
44084;1.0
44264;1.0
44479;0.9999
44767;0.9999
44913;1.0
45310;1.0
45645;1.0
46002;1.0
46209;1.0
46436;1.0
46661;1.0
46913;1.0
47312;1.0
47569;1.0
47725;1.0
48192;1.0
2167628;FOUND
