26200;START
26200;0.9
26475;0.9
26669;0.9
26994;0.9
27111;0.9
27362;0.9
27488;0.9
27674;0.9
27961;0.9
28389;0.9
28710;0.9
29009;0.9
29271;0.9
29486;0.9649
29716;0.9752
29947;0.9894
30230;0.9939
30437;0.9948
30630;0.9952
30976;0.9967
31276;0.9923
31478;0.9896
31699;0.9963
31863;0.9973
32225;0.9992
32601;0.9991
32717;0.9995
32905;0.9994
33171;0.9997
33585;0.9997
33726;0.9997
33962;0.9997
34197;0.9997
34390;0.9975
34690;0.9979
34862;0.9998
35088;0.9998
35287;0.9998
35440;0.9994
35744;0.9979
35933;0.9998
36308;0.9965
36548;0.9966
36856;0.9953
37200;0.9949
37413;1.0
37638;0.9988
37985;0.9999
38236;0.9999
38419;1.0
38655;1.0
38900;0.9999
39173;0.9999
39389;0.9999
39550;0.9999
39914;0.9999
40108;0.9999
40461;0.9999
40685;0.9999
41097;0.9999
41246;0.9999
41580;0.9999
41724;0.9915
42151;1.0
42350;0.9997
42616;0.9995
42817;0.9995
43001;0.9997
43292;0.9999
43559;0.9999
43761;1.0
44045;1.0
44405;1.0
44628;1.0
44897;1.0
45171;1.0
45353;1.0
45564;1.0
46015;1.0
46214;1.0
46456;1.0
46795;1.0
47106;1.0
47349;1.0
1690481;FOUND
