26095;START
26095;0.9
26355;0.9
26522;0.9
26818;0.9
27107;0.9
27434;0.9
27639;0.9
28089;0.9
28442;0.9
28669;0.9
29032;0.9
29226;0.9
29501;0.9
29864;0.9
30120;0.9
30340;0.9
30611;0.9
31051;0.9723
31198;0.9982
31332;0.9945
31615;0.9928
31819;0.998
32214;0.9978
32496;0.9998
32805;0.9989
33039;0.9993
33284;0.9996
33448;0.9988
33697;0.9999
33962;0.9999
34241;0.9999
34517;0.9999
34926;0.9999
35154;0.9999
35441;0.9998
35608;0.9995
35935;0.9999
36178;0.9999
36499;1.0
36701;1.0
36874;1.0
37171;1.0
37426;1.0
37742;1.0
37963;1.0
38140;1.0
38348;1.0
38638;1.0
2356465;FAILED
