26166;START
26166;0.9
26519;0.9
26844;0.9
27113;0.9
27656;0.9
27883;0.9
28150;0.9
28404;0.9
28608;0.9
28832;0.9
29115;0.9003
29450;0.977
29841;0.9796
30115;0.9841
30400;0.9919
30613;0.9957
30887;0.9962
31118;0.9979
31309;0.998
31596;0.9991
31788;0.9968
32029;0.9963
32262;0.9987
32470;0.9994
32764;0.9996
33093;0.9992
33366;0.9995
33636;0.9997
33899;0.9997
34106;0.9997
34444;0.9998
34688;0.9997
34874;0.9993
35118;0.9994
35258;0.999
35523;0.9979
35793;0.9989
36064;0.9996
36412;0.9997
36539;0.9994
36855;0.9979
37190;0.9998
37348;0.9993
37468;0.9986
37680;0.9972
37887;0.9998
38117;0.9996
38404;0.9996
38564;0.9996
38704;0.9993
39011;0.999
39206;0.9991
39315;0.9996
39635;0.9999
39892;0.9999
40093;0.9999
40475;0.9999
40810;0.9999
41067;0.9999
41295;0.9999
41611;0.9999
41726;0.9999
41868;0.9999
42007;0.9999
42239;0.9999
42491;0.9997
42648;0.9998
42902;0.9998
43065;1.0
43311;1.0
43472;0.9999
43605;0.9999
43930;0.9999
44182;0.9999
44467;0.9999
44726;0.9999
44833;0.9999
44971;0.9999
45188;0.9999
45406;0.9999
45642;0.9999
46048;0.9999
46234;0.9999
46586;0.9999
46762;0.9999
46994;1.0
47286;1.0
47501;1.0
47827;1.0
48133;1.0
48282;1.0
48481;1.0
48713;1.0
49018;1.0
49169;1.0
49387;1.0
49554;1.0
49723;1.0
49986;1.0
50204;1.0
50460;1.0
50799;1.0
51025;1.0
603320;FAILED
