26428;START
26428;0.9
26748;0.9
27021;0.9
27335;0.9
27616;0.9
27959;0.9
28277;0.9
28417;0.9
28580;0.9
28801;0.9
28992;0.9001
29255;0.9518
29475;0.9842
29652;0.9646
29950;0.9864
30292;0.9816
30618;0.9923
30950;0.9884
31176;0.9975
31436;0.9969
31592;0.9968
31827;0.9983
32101;0.9934
32399;0.9993
32867;0.9976
33098;0.9984
33483;0.9997
33757;0.9998
34035;0.9976
34385;0.9996
34602;1.0
34930;1.0
35172;1.0
35416;1.0
35597;1.0
35765;1.0
36125;1.0
36508;1.0
36697;1.0
36947;1.0
37475;1.0
37684;1.0
37937;1.0
38280;1.0
38561;1.0
39010;1.0
39260;1.0
39492;1.0
39622;1.0
594202;FAILED
