26132;START
26132;0.9
26271;0.9
26512;0.9
26748;0.9
26976;0.9
27326;0.9
27713;0.9
27928;0.9
28248;0.9
28684;0.9
29008;0.9
29238;0.9
29553;0.9
29945;0.9182
30220;0.9709
30394;0.9888
30656;0.9785
31120;0.9943
31521;0.9899
31714;0.9958
32078;0.996
32316;0.997
32690;0.9977
32976;0.9978
33170;0.9943
33315;0.9978
33554;0.9997
33796;0.999
33945;0.999
34226;0.9991
34463;0.9992
34628;0.9994
35069;0.9995
35327;0.9993
35561;0.9994
35842;0.9996
36117;0.9995
36463;0.9996
36603;0.9992
36765;0.9991
36975;0.9992
37294;0.9993
37413;0.9993
37894;0.9993
38177;0.9997
38435;0.9997
38646;0.9997
39102;0.9998
39278;0.9998
39741;0.9997
40039;0.9997
40389;0.9712
40522;0.9897
40778;1.0
41102;0.9995
41357;0.9994
41570;0.9996
41836;0.9997
42273;1.0
42608;0.9999
42921;0.9999
43101;0.9999
43378;0.9999
43650;1.0
43956;1.0
44111;1.0
44401;1.0
44805;1.0
45019;1.0
45280;1.0
45599;1.0
45866;1.0
46087;1.0
46314;1.0
46836;1.0
47122;1.0
600030;FAILED
