25909;START
25909;0.9
26026;0.9
26160;0.9
26651;0.9
26892;0.9
27129;0.9
27301;0.9
27689;0.9
28012;0.9
28381;0.9
28692;0.9083
28946;0.9665
29138;0.9822
29476;0.9683
29642;0.991
30087;0.9926
30310;0.995
30566;0.9959
30852;0.9955
31167;0.9958
31401;0.9968
31664;0.9981
31914;0.997
32104;0.9984
32342;0.9988
32509;0.9986
32846;0.9971
32978;0.9994
33168;0.9993
33353;0.9993
33603;0.9996
33876;0.9998
34081;0.9995
34337;0.9997
34608;0.9998
34859;0.9999
35165;0.999
35455;0.9994
35822;0.9993
36013;0.9999
36241;1.0
36431;1.0
36629;1.0
36907;1.0
37292;0.9998
37559;0.9998
37739;1.0
37981;1.0
38330;1.0
38467;1.0
38746;1.0
39095;1.0
39261;1.0
39496;1.0
39966;1.0
40299;1.0
40689;1.0
41001;1.0
461870;FOUND
