26496;START
26496;0.9
26808;0.9
27085;0.9
27301;0.9
27542;0.9
27729;0.9
27934;0.9
28096;0.9
28339;0.9
28664;0.9
28977;0.9
29226;0.9
29474;0.9
29675;0.9
29852;0.9
30149;0.9
30404;0.9931
30669;0.9851
30889;0.9917
31045;0.9941
31366;0.9888
31696;0.9952
31961;0.9922
32191;0.9898
32334;0.9885
32578;0.9864
32696;0.9971
32935;0.977
33217;0.9977
33440;0.9967
33753;0.9874
33924;0.9901
34124;0.9875
34306;0.9983
34455;0.9949
34701;0.9916
34822;0.9902
34938;0.9962
35240;0.9966
35385;0.9961
35580;0.9974
35810;0.9973
36041;0.9973
36203;0.9995
36417;0.9985
36675;0.9949
36940;0.9928
37146;0.9924
37461;0.9922
37776;0.9999
37962;0.9999
38176;0.9999
38396;0.9997
38663;0.9994
38838;0.9988
39030;0.9988
39267;0.9985
39510;0.9984
39680;0.9983
40023;0.9982
40221;0.9999
40349;1.0
40698;1.0
41016;1.0
41165;0.9997
41597;0.9996
41931;0.9996
42173;0.9996
42335;0.9995
42489;0.9994
42721;0.9994
43071;0.9994
43288;0.9994
43564;0.9993
43894;0.9993
44177;0.9993
44445;0.9992
44733;1.0
45067;0.999
45357;0.9965
45498;1.0
45666;1.0
46041;1.0
46353;1.0
46511;0.9999
46695;1.0
46993;1.0
364127;FOUND
