26695;START
26695;0.9
26839;0.9
27127;0.9
27504;0.9
27898;0.9
28049;0.9
28220;0.9
28455;0.9
28755;0.9
29039;0.9
29369;0.9024
29656;0.9661
29834;0.9634
30089;0.9952
30403;0.9945
30588;0.9965
30808;0.9974
31052;0.9609
31244;0.9771
31487;0.9925
31912;0.983
32072;0.9994
32273;0.9967
32538;0.9995
32811;0.9997
33175;0.9997
33358;0.9999
33491;0.9998
33687;0.9999
33929;0.9998
34287;0.9998
34455;0.9999
34838;0.9999
34940;0.9999
35206;0.9998
35761;0.9998
35968;0.9998
36261;0.9998
36553;0.9999
36823;1.0
37147;0.9994
37341;0.9997
37572;0.9998
37800;0.9999
38008;1.0
38286;1.0
38519;1.0
38752;1.0
38904;1.0
39207;1.0
39530;1.0
39725;1.0
39951;1.0
40203;1.0
40537;1.0
40787;1.0
558985;FAILED
