26058;START
26058;0.9
26402;0.9
26741;0.9
27068;0.9
27271;0.9
27573;0.9
27806;0.9
28005;0.9
28445;0.9
28898;0.9
29080;0.923
29345;0.9614
29585;0.9737
29772;0.9906
30169;0.9952
30369;0.9963
30648;0.9956
30923;0.9969
31125;0.9967
31254;0.9984
31550;0.9984
31866;0.9958
32036;0.9986
32251;0.999
32354;0.9993
32711;0.9993
32883;0.9993
33076;0.9995
33357;0.9997
33568;0.9993
33893;0.9991
34171;0.9991
34476;0.9991
34705;0.9993
34904;0.9997
35246;0.9985
35529;0.9986
35799;1.0
36180;0.9999
36424;0.9999
36631;1.0
36884;0.9969
37021;0.9984
37333;0.9974
37609;0.9986
37829;0.9987
38075;0.9922
38238;0.9997
38518;0.9996
38761;0.9992
39043;0.9985
39223;0.9975
39516;0.9979
39794;0.9994
39947;0.9981
40168;0.9977
40427;0.997
40768;0.9967
40895;0.9975
41079;0.9836
41214;0.9962
41341;1.0
41531;0.9999
41637;0.9998
41753;0.9997
41986;0.9995
42288;0.9995
42422;0.9995
42661;0.9999
42899;0.9999
43246;0.9999
43558;0.9999
43803;0.9993
44056;0.9985
44184;0.9981
44337;0.9999
44611;0.9992
44794;0.9992
44986;0.9992
45192;0.9999
45406;1.0
45691;1.0
45822;1.0
46010;1.0
46215;1.0
46412;1.0
46711;1.0
46953;1.0
47275;0.9938
47421;0.9999
47653;1.0
47823;0.9997
47944;0.9997
48198;0.9997
48496;0.9997
48777;0.9997
49072;0.9995
49428;0.9986
49569;0.9996
50010;0.9998
50277;0.9998
50492;0.9998
50794;0.9996
51121;0.9996
51426;0.9999
51616;0.9977
51866;0.9977
52049;0.9961
52297;0.9893
52593;0.9898
52815;0.9848
52985;0.9786
53416;0.9992
53783;0.9985
53974;0.9984
54284;0.9985
54562;0.9986
54723;0.9987
54915;0.9992
55295;0.9991
55462;0.9987
55623;0.9993
56143;0.993
56467;0.9926
56719;1.0
56859;0.9983
57053;0.9962
57196;0.9988
57451;0.9954
2259095;FAILED
