358594;START
358594;0.9
360743;0.9
363041;0.9
366627;0.9
368619;0.9
370746;0.9
374311;0.9
378789;0.9
381854;0.9
384597;0.9
387694;0.9
391584;0.9
395510;0.9
399300;0.9
404029;0.9
406213;0.9
409500;0.9377
413502;0.9443
416725;0.9461
418564;0.945
420309;0.9503
423675;0.9492
426155;0.9515
429715;0.941
431912;0.9517
436087;0.9513
439685;0.9484
442156;0.9421
444128;0.9501
447766;0.9532
450473;0.9536
454778;0.9401
457259;0.9536
460394;0.9509
462601;0.9561
466050;0.9576
468445;0.9359
471728;0.952
476379;0.9522
478578;0.9591
481906;0.9573
485405;0.9566
489349;0.9657
491951;0.9626
494522;0.9677
498267;0.9657
503987;0.9543
507770;0.9675
510010;0.9678
512908;0.957
517025;0.9704
519271;0.9659
522600;0.9737
526376;0.9745
528618;0.975
534124;0.9729
537279;0.9786
541898;0.9787
547322;0.9789
549268;0.9651
552195;0.979
556170;0.9736
562057;0.973
565494;0.9806
570539;0.9729
575500;0.9827
580891;0.9838
583299;0.9842
589159;0.9828
591882;0.9762
595680;0.9843
600157;0.9833
603160;0.9705
608393;0.9736
611410;0.9809
617218;0.9824
620913;0.9829
623728;0.9793
627041;0.9734
628743;0.977
631017;0.9832
633704;0.9822
635940;0.9812
638705;0.984
641810;0.9792
644514;0.9797
648970;0.9754
651208;0.9747
654118;0.9795
656873;0.982
658985;0.9846
663531;0.9806
669235;0.9847
672694;0.9876
676302;0.9745
679847;0.9836
683943;0.9837
687505;0.9761
691207;0.9883
695245;0.9835
700161;0.9858
701274;0.9845
704090;0.9871
708833;0.9832
712018;0.9834
715321;0.9854
719195;0.9841
722215;0.9865
724920;0.9822
729229;0.9856
732059;0.9877
734603;0.9838
738783;0.9639
742308;0.9854
746427;0.9734
749371;0.9882
753754;0.9869
755863;0.9861
760458;0.9846
763867;0.9885
766769;0.9906
769862;0.9889
775508;0.9865
778720;0.9849
780298;0.9869
784095;0.9869
787623;0.9793
789981;0.9888
792771;0.979
795696;0.9852
800154;0.9803
802737;0.9755
807056;0.9849
810644;0.9841
812563;0.9779
816579;0.9779
820126;0.9702
823015;0.9879
826008;0.9889
830200;0.984
834801;0.9889
839801;0.9873
844712;0.9862
847504;0.9843
850629;0.9882
855606;0.9832
860094;0.9886
862836;0.9872
866532;0.9906
870557;0.9863
873789;0.9922
878210;0.9914
880928;0.9917
883283;0.9912
886048;0.9897
890194;0.9918
892803;0.9907
894539;0.9914
897964;0.9897
900417;0.9895
905354;0.9905
910732;0.992
914279;0.9862
919140;0.9912
920806;0.9921
924319;0.9919
926107;0.9886
929091;0.9862
931660;0.9919
935622;0.9908
939276;0.9876
942429;0.9788
946597;0.9856
949647;0.992
953559;0.9907
955844;0.9916
959121;0.9924
960863;0.9912
964127;0.9912
966767;0.9917
969469;0.9914
971933;0.9894
975911;0.9913
980431;0.9907
984048;0.9902
988911;0.9867
991756;0.991
995012;0.9911
999253;0.991
1003014;0.9903
1006414;0.9909
1009406;0.9911
1012279;0.9895
1015609;0.99
1018864;0.9917
1022955;0.9918
1025910;0.9899
1028823;0.9872
1031836;0.9921
1036467;0.992
1040758;0.9922
1045310;0.9875
1047842;0.991
1051331;0.9908
1054244;0.9912
1057639;0.9926
1060520;0.9914
1063300;0.991
1068672;0.9918
1071838;0.9908
1074372;0.9919
1080650;0.9864
1083127;0.9888
1085915;0.9886
1089393;0.9897
1094863;0.9914
1097323;0.9931
1100799;0.9918
1108178;0.9917
1110967;0.9941
1114653;0.9922
1118950;0.9926
1123352;0.9921
1126480;0.9922
1129764;0.9922
1131766;0.9915
1134462;0.9919
1141107;0.9915
1143882;0.9916
1146827;0.9906
1149409;0.989
1153263;0.9876
1157590;0.9921
1159970;0.9909
1163254;0.9915
1165988;0.9899
1167588;0.9863
1170299;0.9896
1173568;0.9916
1177266;0.9902
1182768;0.9923
1186578;0.9891
1188296;0.9903
1190847;0.9909
1194077;0.9887
1196825;0.9922
1201507;0.9925
1204646;0.9925
1209043;0.9933
1212724;0.9942
1217552;0.9929
1223303;0.9868
1227760;0.9869
1235460;0.9865
1238993;0.993
1241298;0.9933
1243890;0.9939
1247725;0.9935
1250213;0.9931
1252828;0.9939
1257111;0.994
1261775;0.9943
1264569;0.9945
1267779;0.9938
1272017;0.9932
1274352;0.9931
1276760;0.9943
1280376;0.9902
1286382;0.9927
1291265;0.9928
1295261;0.994
1300619;0.9943
1305341;0.9934
1308182;0.9934
1313130;0.9947
1317631;0.9937
1320391;0.9938
1325261;0.9938
1329904;0.994
1333266;0.9932
1336650;0.9924
1339182;0.9896
1342915;0.9927
1347330;0.9933
1349279;0.9919
1352838;0.991
1357763;0.9922
1359635;0.9924
1364155;0.9902
1369350;0.9922
1373684;0.9915
1375740;0.9941
1377492;0.9937
1382280;0.9898
1383880;0.9949
1387809;0.984
1393949;0.9877
1396907;0.9936
1398831;0.9884
1402263;0.9882
1405385;0.9884
1410057;0.9968
1413933;0.9968
1415537;0.9963
1421401;0.9925
1425563;0.9913
1428715;0.9894
1433539;0.9952
1436543;0.9945
1441750;0.9893
1444780;0.9799
1447883;0.9812
1453551;FOUND
