365870;START
365870;0.9
369575;0.9
373852;0.9
377151;0.9
381267;0.9
384806;0.9
389856;0.9
392537;0.9
396629;0.9
399448;0.9
404604;0.9
408036;0.9
411491;0.9
416982;0.9
420181;0.9
425020;0.9
426827;0.9
429734;0.8999
433971;0.9505
435915;0.9449
438428;0.9449
441478;0.9512
444889;0.9486
447809;0.9469
452643;0.9514
456811;0.9556
459540;0.9576
462345;0.9562
464804;0.9578
468613;0.961
472533;0.9634
475215;0.9637
479156;0.9635
483607;0.9638
487958;0.9632
490891;0.96
494995;0.9636
497272;0.9603
501080;0.9645
503813;0.9641
507258;0.9647
510902;0.9649
514959;0.9669
517777;0.9616
524488;0.9633
526916;0.9666
529408;0.9662
532379;0.9668
535119;0.9635
540850;0.966
545260;0.9642
549942;0.9642
556860;0.9594
559620;0.959
564319;0.9579
568463;0.967
571377;0.97
575107;0.9683
577002;0.9717
580122;0.9734
583474;0.9684
587436;0.964
590411;0.9708
594498;0.9662
596904;0.9715
600614;0.9652
604390;0.9746
606298;0.963
609697;0.9604
614281;0.9686
617300;0.9671
621646;0.9725
626248;0.9768
628275;0.9701
632534;0.9766
638536;0.9768
641003;0.9767
644281;0.9775
647990;0.9718
652443;0.9761
654441;0.9773
659285;0.9767
663768;0.9713
667910;0.976
670888;0.9739
674654;0.9771
677501;0.9786
681664;0.9699
687169;0.9754
692080;0.9817
695405;0.981
699251;0.9815
702434;0.981
705174;0.9802
709296;0.9803
712629;0.9817
718169;0.9821
722047;0.9829
724720;0.984
726437;0.979
729267;0.9777
733613;0.9753
738150;0.9797
740409;0.9832
743355;0.9767
746371;0.9778
750575;0.9813
755264;0.9828
760030;0.9846
763175;0.9864
768283;0.9858
770439;0.9858
775101;0.9863
777692;0.9854
781049;0.9852
782048;0.9856
784607;0.9832
788713;0.9852
790987;0.9858
795949;0.9844
799607;0.9829
803281;0.9801
805766;0.9863
808800;0.9868
813348;0.9869
817815;0.9868
820551;0.9868
823701;0.9867
827098;0.9885
829878;0.9882
833867;0.9861
838032;0.9862
841706;FOUND
