358538;START
358538;0.9
361990;0.9
367118;0.9
372456;0.9
376242;0.9
380672;0.9
387508;0.9
391740;0.9
395857;0.9
399104;0.9
404171;0.9
408197;0.9
412043;0.9
414609;0.9
417671;0.9414
422314;0.948
424997;0.9547
428212;0.9521
430613;0.9504
433293;0.9529
437585;0.9521
441306;0.9552
444415;0.9497
448419;0.9541
451934;0.9556
454881;0.9552
457918;0.9534
461561;0.9495
466433;0.9522
470184;0.9522
472391;0.951
477415;0.9543
483012;0.9548
486413;0.9531
491408;0.9527
496160;0.9498
503626;0.9523
507681;0.9551
510489;0.9546
514964;0.9552
518789;0.9524
521871;0.9524
525403;0.9554
528236;0.9551
532071;0.9528
534973;0.9435
537746;0.957
540050;0.9601
546277;0.9582
549289;0.9608
554751;0.9555
559939;0.963
563920;0.9599
572112;0.9643
575738;0.9644
579745;0.9586
584636;0.9624
589048;0.9665
591916;0.9659
597088;0.9648
599650;0.9671
603562;0.9545
607384;0.967
610196;0.9669
614870;0.9714
617444;0.9635
620950;0.9602
624020;0.9594
626251;0.9705
630575;0.9687
633688;0.9692
637823;0.9734
640965;0.9643
644126;0.9629
649308;0.9733
651256;0.973
654065;0.9721
658464;0.9729
661687;0.9755
664301;0.9788
667276;0.978
669358;0.9779
672796;0.9725
675266;0.9605
679001;0.9809
681728;0.9769
685526;0.9775
689255;0.9809
693730;0.979
698551;0.984
701941;0.9829
708245;0.9835
711995;0.9787
714271;0.9803
718007;0.9737
721764;0.981
725494;0.9832
729117;0.9814
732651;0.9862
736406;0.9845
740641;0.9884
745890;0.9904
748355;0.9896
751400;0.9897
753496;0.9906
756972;0.9908
761073;0.981
763703;0.99
768838;0.9881
772742;0.9894
775449;0.99
778388;0.9873
781747;0.99
783919;0.9923
787869;0.986
791267;0.9861
794326;0.9883
799150;0.9891
801825;0.9901
807776;0.9875
811194;0.9865
813773;0.9898
816814;0.9919
819792;0.9822
824028;0.9928
827037;0.989
830071;0.9901
833612;0.9925
839337;0.991
842564;0.9889
845821;0.9881
850188;0.9895
853746;0.9878
856252;0.9892
858984;0.9902
863068;0.9888
867200;0.9883
871448;0.9914
874495;0.9902
877329;0.9889
881130;0.9873
885430;0.9834
888850;0.9911
892449;0.9913
898028;0.9898
901710;0.9903
904862;0.9917
907840;0.9893
909540;0.9919
914145;0.9929
916467;0.9916
919618;0.9929
924120;0.9936
925880;0.9928
931189;0.9926
934397;0.9933
937699;0.9932
940213;0.9929
942786;0.9931
945766;0.9937
950090;0.9926
955468;0.9939
958208;0.9922
960690;0.9909
963831;0.9904
966444;0.9902
971067;0.9913
974978;0.9918
978962;0.9915
983934;0.9927
987165;0.9927
990064;0.9883
994945;0.9777
998741;0.9931
1000532;0.9948
1003067;0.9949
1005360;0.9941
1011068;0.9928
1016117;0.9907
1018369;0.9894
1021425;0.9898
1024412;0.9938
1027642;0.9937
1032602;0.9934
1036549;0.9927
1039947;0.9938
1042986;0.9917
1045351;0.9919
1047704;0.993
1049832;0.9929
1053137;0.9929
1058127;0.9927
1062248;0.9946
1066566;0.9948
1069557;0.9934
1071711;0.9914
1075379;0.9921
1076878;0.9924
1079078;0.9941
1083647;0.9949
1087569;0.995
1088684;0.995
1090669;0.9951
1094443;0.9951
1098862;0.9954
1102121;0.9951
1106130;0.9921
1109484;0.9915
1115422;0.9918
1119972;0.9936
1123159;0.9942
1125413;0.9919
1129046;0.9895
1134174;0.989
1138050;0.9927
1140282;0.9927
1143627;0.9953
1146402;0.9927
1150478;0.9925
1156787;0.9875
1160248;0.9915
1163362;0.9918
1167264;0.992
1171748;0.9927
1174849;0.993
1178740;0.9925
1180373;0.9928
1184179;0.9942
1187020;0.9939
1191027;0.9943
1193909;0.992
1197733;0.9944
1201057;0.9951
1204025;0.9946
1208740;0.9938
1211327;0.9936
1213887;0.9947
1218234;0.9944
1220712;0.994
1222637;0.9929
1224830;0.9941
1229848;0.9948
1232050;0.9949
1234448;0.989
1238646;0.9929
1244472;0.9936
1247286;0.9919
1251019;0.9884
1256213;0.9894
1258368;0.9911
1262428;0.9926
1267111;0.9902
1315647;FOUND
