336051;START
336051;0.9
341613;0.9
344467;0.9
348054;0.9
351618;0.9
353653;0.9
356216;0.9
359886;0.9
362997;0.9
366490;0.9
369206;0.9
374609;0.9
376868;0.9
378688;0.9
382164;0.9
385743;0.9239
388854;0.9529
392563;0.9538
395616;0.953
399078;0.9369
400940;0.9273
404888;0.9309
407119;0.9445
410044;0.9459
414330;0.9497
417252;0.9411
421678;0.9544
426708;0.9548
429578;0.9574
431184;0.9551
435034;0.9601
436857;0.9534
439642;0.9595
441475;0.96
448643;0.9608
451883;0.9615
456815;0.961
459006;0.9583
462957;0.9496
466665;0.9586
471147;0.9603
475342;0.9641
479934;0.9629
482048;0.9648
487227;0.9635
490145;0.9654
492947;0.9666
497177;0.9681
499098;0.9689
506563;0.9704
509783;0.9728
514003;0.9746
517006;0.9767
520432;0.9769
522388;0.9751
524809;0.9771
527127;0.974
529893;0.9767
531565;0.9775
533739;0.9776
535812;0.9781
540198;0.9714
544008;0.9729
548361;0.9669
552781;0.9807
556181;0.9818
561015;0.9815
563726;0.9787
565490;0.9812
569554;0.9823
574495;0.982
576527;0.9802
578714;0.984
582986;0.9685
585119;0.9741
588414;0.9831
590949;0.9877
593438;0.9818
597577;0.9833
601919;0.9895
605294;0.9862
608321;0.9897
612505;0.986
614929;0.9897
619761;0.9893
624564;0.9893
626119;0.9789
630041;0.979
632448;0.9823
636539;0.9852
639345;0.9838
644655;0.9854
649865;0.9864
652689;0.9877
655203;0.9858
657926;0.9887
662083;0.99
665841;0.9894
669298;0.9888
672025;0.9765
677734;0.9704
681990;0.9863
685422;0.982
689321;0.9874
693766;0.9847
696577;0.9902
699093;0.9863
701796;0.9874
704986;0.99
710641;0.9902
713718;0.9912
717968;0.9904
721584;0.9888
724645;0.9889
729680;0.9903
734143;0.9907
736752;0.9886
740290;0.987
741758;0.9912
744238;0.992
747642;0.9922
751064;0.9922
754396;0.9919
758203;0.9923
761391;0.9923
764560;0.9901
766920;0.9893
770631;0.9819
774112;0.9906
776340;0.9917
778189;0.9922
782776;0.9924
786214;0.992
791742;0.9908
794634;0.9934
799682;0.9934
807250;0.9929
808752;0.9931
810993;0.9933
814952;0.9904
817415;0.9904
820273;0.9923
823850;0.9941
826390;0.9925
828056;0.994
832401;0.9925
834883;0.9943
838140;0.9942
841587;0.9938
845570;0.9956
848966;0.9933
852128;0.9869
853786;0.9937
855146;0.9936
858330;0.9922
860926;0.9916
865583;0.9919
868651;0.9912
872292;0.9913
874156;0.9933
879843;0.9926
883755;0.993
885973;0.9934
888092;0.9947
890383;0.9939
895087;0.9947
897223;0.9947
900981;0.9929
904473;0.9948
909942;0.9933
913773;0.9943
918231;0.9937
921346;0.9938
924620;0.9948
932176;0.9892
935209;0.9939
940072;0.9924
943766;0.9901
946233;0.9917
948055;0.9905
951324;0.9904
955640;0.9934
957305;0.992
961413;0.9941
965145;0.9937
966976;0.9941
972158;0.9938
974657;0.9944
977763;0.9947
982694;0.9945
986349;0.9909
989131;0.9922
992225;0.9929
995551;0.9902
1000324;0.9833
1003225;FOUND
