381595;START
381595;0.9
385270;0.9
388694;0.9
390188;0.9
394607;0.9
398480;0.9
405448;0.9
408289;0.9
411745;0.9
415778;0.9
421081;0.9
424002;0.9
427932;0.9
431920;0.9
435081;0.9
438006;0.9
443209;0.9
445212;0.9
450137;0.9
453340;0.9055
455810;0.9308
459429;0.9402
461776;0.9496
465457;0.949
470609;0.9489
472663;0.9492
474676;0.9489
477824;0.9503
480780;0.9494
483603;0.9498
487036;0.9542
490880;0.9292
494257;0.9534
497663;0.9497
499962;0.9526
503811;0.9476
505771;0.9498
507689;0.9502
511014;0.951
514660;0.9508
516126;0.9459
518753;0.942
522806;0.95
526556;0.9444
528735;0.9509
532995;0.9512
535689;0.9516
540471;0.9534
543116;0.9546
544754;0.9534
547991;0.9558
552976;0.9555
556033;0.9565
561558;0.958
565743;0.9566
569641;0.9546
572565;0.9611
576683;0.9609
579713;0.957
583024;0.9546
586115;0.9568
588982;0.9575
591046;0.9606
593992;0.9638
597388;0.9655
599466;0.955
603057;0.9648
605198;0.9651
606801;0.9659
609083;0.9642
614044;0.96
617554;0.968
622058;0.9622
624847;0.961
627905;0.9544
630558;0.9547
633643;0.9549
636623;0.9677
640273;0.9654
644714;0.967
648204;0.9702
651387;0.9761
654371;0.976
658776;0.9728
663939;0.9618
666051;0.9737
670745;0.9747
675627;0.9759
678472;0.9746
680496;0.9758
682530;0.9723
686165;0.9743
689596;0.9758
693108;0.9763
696943;0.9743
700447;0.9738
703382;0.9761
707055;0.9777
710384;0.9772
715178;0.9687
717834;0.973
719979;0.9777
722232;0.9784
724706;0.981
727509;0.9771
731351;0.9827
734607;0.9803
737148;0.9823
740792;0.9811
744455;0.9701
747525;0.9763
751713;0.9764
754941;0.9794
758483;0.9837
762388;0.9833
765428;0.9795
768982;0.9794
771304;0.9827
774482;0.9824
779169;0.9748
782678;0.9846
786145;0.9754
788589;0.9843
791941;0.9839
794439;0.9827
797207;0.9807
800089;0.9811
804513;0.9856
808656;0.9875
811476;0.9862
814708;0.9874
817633;0.986
820632;0.9823
823173;0.9863
825321;0.9866
831172;0.9852
833421;0.9851
835700;0.9841
839082;0.9814
841751;0.9859
845513;0.9783
848981;0.9857
852473;0.9844
856237;0.9825
860150;0.9865
863802;0.9865
866797;0.9881
871781;0.9861
874578;FOUND
