339762;START
339762;0.9
342200;0.9
344589;0.9
347991;0.9
351080;0.9
354349;0.9
359208;0.9
363937;0.9
367437;0.9
370485;0.9
372294;0.9
376059;0.9
378676;0.9
381543;0.9
385526;0.9
387853;0.9
391367;0.9
395480;0.9
400066;0.9318
406576;0.9408
409898;0.9495
412642;0.9512
415867;0.9536
417497;0.9545
421279;0.9511
426416;0.954
428917;0.9454
431762;0.9481
435051;0.9534
437532;0.9384
440650;0.9551
444175;0.9527
448668;0.9508
451164;0.951
454693;0.9533
459684;0.9504
463574;0.9564
466428;0.9561
469167;0.9556
474399;0.9565
477612;0.9575
482177;0.9467
484642;0.9557
487549;0.9596
492838;0.9588
496068;0.9569
498208;0.9595
500909;0.9618
503084;0.9597
505828;0.964
508878;0.9643
510132;0.9526
513060;0.955
515226;0.9665
519937;0.9673
522431;0.9678
525180;0.969
527200;0.9697
529173;0.9699
531570;0.9672
534932;0.9651
539316;0.9591
541284;0.9684
546078;0.9701
550479;0.971
554094;0.9723
557126;0.972
561872;0.9723
565108;0.9741
567555;0.9764
569727;0.9746
573801;0.9769
577897;0.9763
581480;0.9779
584383;0.9778
587504;0.9802
590561;0.9791
593175;0.9798
595232;0.9741
597601;0.9774
600496;0.9747
602978;0.9816
606564;0.9779
610505;0.9808
614852;0.9774
617879;0.9812
620029;0.9771
623244;0.9829
627105;0.9711
633185;0.9829
637483;0.9791
639606;0.9847
642271;0.9845
644586;0.9843
648577;0.9827
651486;0.9793
654984;0.9824
659532;0.9819
662864;0.9821
668954;0.9814
671836;0.9759
675562;0.982
678136;0.9813
681417;0.979
686808;0.9866
690125;0.983
693691;0.9786
696970;0.987
700246;0.9866
703693;0.9883
709150;0.988
713157;0.9875
716055;0.9878
718125;0.988
721702;0.9879
726652;0.9784
730663;0.9773
733306;0.9874
737601;0.9878
741624;0.9892
745497;0.9872
748006;0.9879
752932;0.9887
756230;0.9874
758824;0.9866
762268;0.9858
766843;0.988
770752;0.987
773644;0.9874
776118;0.9874
781093;0.9878
784933;0.9893
788079;0.9842
792696;0.9824
795788;0.9843
798573;0.9854
801219;0.9849
804308;0.9878
807127;0.988
810896;0.9894
815297;0.9883
819155;0.9882
822463;0.988
826882;0.9877
832097;0.983
835327;0.9822
838429;0.9849
843220;0.9866
845815;0.987
849750;0.9835
852382;0.9844
855218;0.9812
858912;0.9834
861714;0.9876
865563;0.9884
868262;0.9891
873893;0.9884
877315;0.9894
880376;0.9891
882724;0.9896
887451;0.9878
888834;0.9836
892062;0.9887
896694;0.9898
899825;0.9894
903382;0.9884
905475;0.9856
907711;0.9864
912659;0.99
915547;0.9885
918975;0.986
922560;0.9895
925934;0.9885
931872;0.9885
935724;0.988
938708;0.9863
943901;0.9867
945440;0.9878
950161;0.9867
952200;0.9869
958270;0.9875
965137;0.988
967957;0.9876
970084;0.9875
973991;0.9892
976316;0.9894
978808;0.9908
981603;0.9852
984870;0.9869
988453;0.9822
995243;0.9909
997871;0.9888
1001744;0.989
1005579;0.9922
1008066;0.992
1011548;0.991
1013755;0.9919
1017950;0.9907
1020825;0.9896
1023374;0.9919
1028031;0.992
1030839;0.9917
1034282;0.9891
1036022;0.9854
1037792;0.9842
1040051;0.985
1043394;0.9885
1046088;0.9913
1050454;0.9913
1054270;0.9914
1057938;0.9911
1061994;0.9908
1067473;0.9874
1071962;0.9837
1074773;0.9909
1079479;0.9855
1083990;0.984
1087447;0.9887
1090385;0.9905
1095281;0.9896
1099372;0.9894
1102080;0.9892
1106082;0.9889
1110081;0.989
1111722;0.989
1114368;0.9892
1118521;0.9886
1123291;0.9863
1127656;0.9873
1131133;0.9888
1136012;0.9913
1138592;0.9849
1141735;0.9893
1144537;0.9909
1149903;0.9896
1151450;0.9914
1152768;0.9904
1157701;0.9898
1160471;0.9895
1163882;0.9903
1167129;0.9903
1171545;0.9922
1175307;0.9919
1177864;0.99
1182668;0.9799
1185641;0.99
1189735;0.9912
1191597;0.9919
1195213;0.9922
1200134;0.9925
1203907;0.9902
1207352;0.9817
1210053;0.9838
1216538;0.991
1220044;0.9926
1223906;0.9936
1226645;0.9925
1229606;0.9909
1231858;0.9955
1234441;0.9954
1237422;0.9953
1240387;0.9954
1242166;0.9955
1245784;0.9954
1249372;0.9954
1253094;0.9955
1256116;0.9955
1259079;0.9954
1262186;0.9955
1264156;0.9956
1266605;0.9959
1269295;0.9958
1272869;0.9958
1276920;0.9947
1279512;0.9943
1282165;0.9942
1285820;0.995
1288970;0.9945
1293012;0.9926
1296091;0.996
1298654;0.9934
1305591;0.9939
1309172;0.9924
1313935;0.994
1319147;0.9915
1322234;0.9924
1326845;0.9936
1331185;0.9931
1334781;0.9931
1339213;0.9924
1342904;0.9942
1345335;0.9951
1348819;0.9954
1351509;0.9956
1357473;0.9958
1360313;0.9953
1364295;0.9922
1366910;0.9916
1370544;0.9916
1372770;0.9927
1376600;0.9933
1380935;0.9938
1384134;0.9919
1386924;0.9912
1391063;0.9923
1395720;0.9918
1400223;0.9936
1405747;0.994
1410653;0.994
1414209;0.9943
1418534;0.995
1421008;0.9951
1423240;0.9916
1428296;0.9948
1432776;0.994
1434606;0.9933
1438045;0.9934
1444505;0.996
1447268;0.9946
1450906;0.9948
1454939;0.9939
1458610;0.994
1461442;0.9941
1463109;0.9964
1466924;0.9959
1469715;0.9957
1473988;0.9946
1478723;0.9939
1482270;0.9945
1485831;0.9949
1489178;0.9958
1494342;0.9952
1500575;0.9943
1502687;0.9943
1506763;0.9946
1510527;0.9947
1513931;0.9947
1516262;0.9938
1519160;0.9945
1522341;0.9946
1524905;0.9948
1528817;0.9948
1531416;0.9946
1535368;0.9954
1539077;0.9952
1543370;0.9952
1547232;0.9953
1550626;0.9928
1556149;0.9916
1558258;0.9906
1561411;0.9903
1563153;0.9881
1569508;FOUND
