348450;START
348450;0.9
352220;0.9
354181;0.9
356603;0.9
361061;0.9
363825;0.9
366478;0.9
372835;0.9
375518;0.9
378501;0.9
382058;0.9
384438;0.9
387925;0.9
389598;0.9
394711;0.9
398797;0.9
404151;0.9
407092;0.9
411432;0.9
414844;0.9
419587;0.9
421587;0.9
427137;0.9
430332;0.9
433592;0.9
435226;0.9
439889;0.9
442277;0.9
445052;0.9
448366;0.9692
452732;0.964
454921;0.9649
456716;0.9655
459149;0.9538
463731;0.965
466675;0.969
471317;0.9655
475056;0.9726
479693;0.9712
482533;0.9696
485806;0.9733
488869;0.9715
493099;0.9647
497863;0.9669
501760;0.9719
503459;0.9678
506168;0.9673
509513;0.9583
512080;0.9737
517758;0.9742
520853;0.9765
523774;0.9771
528616;0.9573
533063;0.9757
536321;0.9795
539728;0.9796
544006;0.9739
548317;0.9738
551858;0.9734
554469;0.9673
558805;0.9752
561883;0.9773
563899;0.972
566860;0.9793
571307;0.9823
573784;0.9806
577358;0.9723
582246;0.9819
585050;0.9815
588874;0.9802
593683;0.9807
596670;0.9761
600830;0.9792
603852;0.9795
609849;0.9793
612660;0.9793
615664;0.9796
619064;0.9847
622129;0.9808
623828;0.975
626900;0.9789
630530;0.9839
634624;0.9818
637456;0.9794
642734;0.9836
647259;0.9843
649939;0.983
653080;0.9857
655604;0.9856
661335;0.9867
664355;0.9822
667300;0.9852
672042;0.9855
676843;0.985
680928;0.985
684161;0.9845
690174;0.9801
693625;0.9642
696693;0.9816
700741;0.9802
702916;0.9791
706475;0.9802
708708;0.9842
713189;0.9849
716230;0.985
720593;0.9844
723172;0.9871
726044;0.9858
728579;0.9856
731135;0.9889
734706;0.9881
736992;0.9887
738554;0.9881
740873;0.9866
744105;0.985
746476;0.9794
751212;0.9841
755237;0.98
759932;0.9816
763312;0.979
767044;0.9856
769845;0.9881
773885;0.9865
777343;0.9813
779490;0.9899
782318;0.9871
784815;0.9862
789465;0.9889
793359;0.9876
795121;0.9834
796821;0.9803
799513;0.9856
802365;0.9836
806138;0.9799
808620;0.9854
812495;0.9857
815805;0.9882
818704;0.9857
824038;0.9864
827599;0.9853
830966;0.9879
833067;0.9882
835169;0.989
838828;0.989
843607;0.9896
848154;0.9841
850115;0.9845
852344;0.9852
857344;0.9914
859883;0.992
862751;0.992
866598;0.9929
869888;0.9923
874369;0.9896
876796;0.9914
881858;0.9895
885066;0.9913
889838;0.9904
893111;0.988
895540;0.9897
901787;0.9909
904325;0.9913
907108;0.9887
909482;0.9894
913549;0.9893
915752;0.9893
920862;0.9877
923183;0.9895
925962;0.9885
928832;0.988
931294;0.9909
933037;0.9852
937311;0.9889
940506;0.9881
944123;0.9878
949918;0.9887
952962;0.9898
956334;0.9903
958683;0.9904
962554;0.9906
966626;0.9907
970063;0.9905
973237;0.9899
977598;0.9916
980523;0.9852
983422;0.9915
986419;0.9908
990283;0.9906
994686;0.9906
999428;0.9906
1003586;0.9909
1012323;0.9929
1014476;0.9932
1020927;0.9931
1024339;0.9927
1028943;0.9916
1032710;0.9928
1036526;0.9917
1040612;0.9913
1043570;0.993
1046053;0.9935
1049920;0.993
1054330;0.9926
1057149;0.9928
1060367;0.9901
1063515;0.994
1066129;0.9935
1069953;0.9892
1073790;0.9908
1077520;0.9924
1082263;0.9909
1086141;0.9932
1091027;0.9917
1094395;0.9922
1098230;0.991
1102610;0.9877
1106724;0.985
1110828;0.9839
1115101;0.9833
1117270;0.9846
1120512;0.9847
1124484;0.9937
1127486;0.9898
1132500;0.9864
1134859;0.9923
1139328;0.9923
1142541;0.9911
1145413;0.9932
1149095;0.9929
1151458;0.9924
1155667;0.994
1158402;0.9943
1162356;0.9933
1164619;0.9934
1166812;0.9934
1169087;0.9935
1172299;0.993
1175403;0.9932
1178192;0.9917
1180316;0.992
1182697;0.9921
1185154;0.9919
1190614;0.9918
1193728;0.9921
1195163;0.9922
1198410;0.9923
1201252;0.9923
1204092;0.9922
1208399;0.9921
1211692;0.992
1215785;0.9908
1218101;0.9879
1221409;0.9887
1224497;0.9887
1229302;0.9909
1232712;0.9919
1237993;0.9944
1243192;0.9904
1249255;0.9884
1253922;0.9891
1257305;0.9924
1261129;0.9913
1264217;0.9894
1267728;0.9932
1270684;0.9924
1272830;0.9921
1276101;0.9905
1279099;0.99
1281648;0.992
1283578;0.9924
1287669;0.9925
1293490;0.9919
1297737;0.9886
1300654;0.9875
1303497;0.9869
1308414;0.9829
1312243;0.9878
1314472;0.9871
1317789;0.9902
1375417;FOUND
