	| monkey	| lstar		| neural	|
-----------------------------------------
1	| 2053409	| 72736		| 125934	|
2	| 3334370	| 248030	| 302765	|
3	| 1388088	| 2122560	| 1393489	|
4	| 2014504	| 470461	| 1364739	|
5	| 1999451	| 1585463	| 1371671	|


	| monkey	| lstar					| neural				|
-----------------------------------------------------------------
1	| 1			| 0.03542207129704798	| 0.06132923348441543	|
2	| 1			| 0.07438586599567534	| 0.09080126080788875	|
3	| 1			| 1.5291249546138286	| 1.0038909636852995	|
4	| 1			| 0.23353689047030932	| 0.6774565848466918	|
5	| 1			| 0.7929491645456678	| 0.6860238135368159	|
