26890;START
26890;0.9
27155;0.9
27384;0.9
27689;0.9
27955;0.9
28127;0.9
28397;0.9
28650;0.9
28927;0.9
29160;0.9
29368;0.9
29699;0.9
29994;0.9
30195;0.9
30461;0.9
30962;0.9
31271;0.9
31586;0.9
31781;0.9
32130;0.9
32394;0.9
32707;0.9
33071;0.9
33304;0.9
33487;0.9
33643;0.9
33940;0.9
34159;0.9
34423;0.9
34600;0.9873
34745;0.9999
34893;0.9998
35106;0.9996
35399;0.9992
35580;0.9985
35816;0.9974
36004;0.9988
36415;0.9989
36692;0.9987
36881;0.9979
37151;0.9976
37378;0.9998
37846;1.0
38081;1.0
38213;1.0
38426;1.0
38742;1.0
38977;1.0
39199;1.0
39471;1.0
39639;1.0
39899;1.0
40159;1.0
40371;1.0
40654;1.0
40966;1.0
41300;1.0
41467;1.0
41714;1.0
41883;1.0
42082;1.0
42437;1.0
108206;FOUND
