25639;START
25639;0.9
25830;0.9
26090;0.9
26334;0.9
26584;0.9
26863;0.9
27208;0.9
27445;0.9
27772;0.9
28156;0.9
28486;0.9
28802;0.9
29067;0.9
29356;0.9
29574;0.9
29768;0.9
29916;0.9
30133;0.9
30397;0.9
30552;0.9
30686;0.9
30882;0.9
31145;0.9
31481;0.9
31845;0.9991
32133;0.9991
32461;0.9985
32623;0.9974
32845;0.9958
33172;0.9956
33413;0.997
33668;0.9966
33917;0.996
34123;0.9948
34290;0.9976
34518;0.9979
34861;0.9974
35061;0.9972
35422;0.9967
35811;0.9963
36243;0.9959
36441;0.9954
36698;1.0
36979;1.0
37443;0.9999
37899;0.9998
38089;0.9996
38465;0.9994
38709;0.9991
39080;1.0
39320;1.0
39424;1.0
39923;0.9999
40143;0.9998
40358;0.9998
40683;0.9998
41198;0.9997
41494;0.9997
41818;0.9995
42147;0.9995
42315;0.9993
42759;0.9993
42923;0.9997
43224;0.9997
43540;0.9997
43846;0.9997
44162;0.9997
44265;0.9997
44643;0.9997
44861;0.9997
45101;0.9998
45318;0.9999
45746;0.9999
46046;1.0
46448;1.0
46696;0.9999
47105;0.9999
47290;0.9999
47548;0.9998
47697;0.9998
47932;0.9998
48279;0.9998
48486;0.9998
48778;0.9998
49203;0.9998
49505;0.9998
49725;0.9998
49926;0.9998
50200;0.9996
50446;0.9996
50628;0.9996
50924;0.9996
51110;0.9996
51335;0.9995
51571;0.9999
51737;0.9999
52066;0.9999
52421;0.9999
52660;0.9999
52837;0.9999
53049;0.9999
53258;0.9999
53426;0.9999
53628;0.9999
53844;0.9999
54137;0.9999
54397;0.9999
54668;0.9999
54914;0.9999
55134;0.9999
55353;0.9999
55558;0.9999
55784;0.9999
55930;0.9999
56200;0.9999
56376;0.9999
56599;0.9999
56907;0.9999
57208;0.9999
57446;0.9998
57850;0.9997
58128;0.9997
58526;0.9997
58788;0.9997
59028;0.9997
59424;0.9997
59733;0.9997
59980;0.9996
60350;0.9996
60594;1.0
60848;1.0
61249;1.0
61465;0.9999
61731;0.9999
62152;0.9999
62449;0.9999
62892;1.0
63322;1.0
63596;1.0
153813;FOUND
