25639;START
25639;0.9
25812;0.9
25966;0.9
26103;0.9
26376;0.9
26525;0.9
26860;0.9
27044;0.9
27296;0.9
27762;0.9
28026;0.9
28186;0.9
28420;0.9
28717;0.9
29157;0.9
29323;0.9
29522;0.9
29777;0.9
29928;0.9
30265;0.9
30402;0.9
30620;0.9
31045;0.9
31323;0.9
31631;0.9931
31903;0.9889
32018;0.9914
32263;0.9997
32440;0.9997
32628;0.9993
32792;0.9984
32986;0.9963
33199;0.996
33448;0.9958
33644;0.9999
33997;0.9999
34395;0.9997
34699;0.9994
35016;0.9994
35234;0.9993
35397;0.999
35626;1.0
35878;1.0
36123;1.0
36408;0.9999
36562;0.9995
36876;0.9993
37080;1.0
37285;1.0
37606;1.0
37726;1.0
38187;1.0
64726;FOUND
