24813;START
24813;0.9
24962;0.9
25194;0.9
25322;0.9
25550;0.9
25746;0.9
26031;0.9
26272;0.9
26671;0.9
26924;0.9
27213;0.9
27402;0.9
27656;0.9
27927;0.9
28198;0.9
28473;0.9
28788;0.9
28953;0.9
29125;0.9209
29403;0.9986
29647;0.9992
29910;0.9997
30178;0.9968
30329;0.9999
30668;0.9998
30914;0.9992
31230;0.9992
31477;0.9992
31737;0.9996
32050;0.9998
32254;0.9999
32478;0.9999
32670;1.0
33016;1.0
33314;0.9999
33517;0.9999
33675;0.9999
33809;1.0
33998;1.0
34141;1.0
34359;1.0
34906;1.0
35182;1.0
283882;FOUND
