25924;START
25924;0.9
26197;0.9
26527;0.9
26729;0.9
26899;0.9
27151;0.9
27474;0.9
27804;0.9
28047;0.9
28363;0.9
28565;0.9
28774;0.9
28882;0.9
29160;0.9
29451;0.9
29674;0.9
29979;0.9
30165;0.9
30468;0.9
30697;0.9
30899;0.9
31111;0.9981
31487;0.9982
31669;0.9958
31883;0.9914
32079;0.998
32293;0.9981
32693;0.9977
33158;0.9992
33404;1.0
33549;1.0
33810;0.9999
33910;0.9991
34226;0.9987
34508;0.9988
34903;0.9987
35158;0.9986
35373;0.9986
35619;0.9987
35865;1.0
36135;1.0
36493;1.0
36715;1.0
36933;1.0
37089;0.9997
37299;0.9999
37538;1.0
37862;1.0
38138;1.0
38423;1.0
38786;1.0
38916;1.0
39293;0.9998
39462;0.9997
39784;0.9996
40042;0.9996
40250;1.0
40529;1.0
40848;1.0
41026;1.0
41299;1.0
41751;1.0
42046;1.0
42237;1.0
42498;0.9999
42703;0.9999
42993;0.9999
43167;0.9998
43503;0.9998
43863;0.9998
44062;1.0
44350;1.0
44682;1.0
44854;1.0
45061;1.0
45214;1.0
45567;1.0
45815;1.0
46005;1.0
46146;1.0
46307;1.0
46501;1.0
46627;1.0
46773;1.0
46977;1.0
47284;1.0
47414;1.0
104365;FOUND
