26071;START
26071;0.9
26356;0.9
26577;0.9
26881;0.9
27063;0.9
27244;0.9
27407;0.9
27593;0.9
27870;0.9
28038;0.9
28292;0.9
28626;0.9
29038;0.9
29270;0.9
29422;0.9
29747;0.9
30012;0.9
30486;0.9
30676;0.9
30866;0.9
31140;0.9
31431;0.9
31714;0.9
31892;0.9
31997;0.9
32172;0.9
32522;0.9
32837;0.9
33088;0.9
33232;0.9
33414;0.9
33700;0.9941
33882;0.9973
34115;0.9967
34274;0.9956
34523;0.9943
34786;0.9918
34999;0.998
35321;0.9994
35437;0.9981
35658;0.9949
35877;0.9979
36042;0.9981
36324;0.9973
36573;0.999
36719;0.9993
36880;0.9994
37119;0.999
37350;0.9982
37763;0.998
37931;0.9997
38171;0.9998
38352;0.9998
38535;0.9998
38791;1.0
39122;1.0
39228;1.0
39527;1.0
39790;1.0
40096;1.0
40299;1.0
40653;1.0
40941;1.0
41142;1.0
41526;1.0
41914;1.0
42081;1.0
42369;1.0
42723;1.0
42914;1.0
43219;1.0
43322;1.0
43566;1.0
151761;FOUND
