24333;START
24333;0.9
24600;0.9
24963;0.9
25370;0.9
25623;0.9
25884;0.9
26165;0.9
26505;0.9
26728;0.9
27016;0.9
27190;0.9
27494;0.9
27832;0.9
28252;0.9
28389;0.9
28651;0.9
28921;0.9
29162;0.9
29395;0.9
29635;0.9
29807;0.9
30114;0.9
30295;0.9
30560;0.9
30857;0.9
31111;1.0
31311;1.0
31584;0.9992
31848;0.9979
32071;0.9966
32337;0.9953
32519;0.9943
32809;0.9937
33163;0.993
33492;0.9966
33762;0.9969
34070;0.9969
34271;0.9967
34653;0.9998
34753;0.9998
35022;0.9997
35192;0.9996
35483;1.0
35639;1.0
35783;1.0
35909;1.0
36286;0.9998
36697;0.9997
36946;0.9997
37095;0.9997
37343;0.9996
37687;0.9995
38100;0.9995
38402;0.9997
38567;0.9999
38865;0.9999
39231;0.9999
39462;0.9999
39914;0.9999
40146;0.9997
40389;0.9997
40634;0.9997
40841;0.9996
41030;0.9996
41221;0.9999
41581;0.9999
41893;0.9999
42099;0.9999
42415;1.0
42656;1.0
42974;1.0
43234;1.0
43564;1.0
43776;1.0
43975;1.0
44178;1.0
44495;1.0
44817;1.0
45143;1.0
45285;1.0
45466;1.0
45797;1.0
46106;1.0
46393;1.0
46773;1.0
46957;1.0
47266;1.0
82355;FOUND
