25541;START
25541;0.9
25750;0.9
26226;0.9
26617;0.9
26957;0.9
27131;0.9
27403;0.9
27557;0.9
27820;0.9
27920;0.9
28250;0.9
28540;0.9
28725;0.9
28940;0.9
29124;0.9
29356;0.9
29723;0.9
29937;0.9
30107;0.9
30450;0.9
30764;0.9
31041;0.9
31370;0.9
31645;0.9
31833;0.9985
32043;0.9966
32251;0.998
32641;0.998
32854;0.9998
33036;0.9999
33308;0.9992
33586;0.9968
33720;0.9999
33987;0.9999
34105;0.9999
34401;0.9996
34761;0.9988
34922;0.9989
35238;0.9988
35614;0.9983
35719;0.9978
36060;0.9975
36188;0.9998
36393;0.9998
36846;0.9998
37195;0.9998
37480;0.9997
37662;0.9994
37871;0.9999
38189;0.9999
38454;0.9999
38788;0.9999
39073;0.9998
39448;0.9995
39787;0.9995
40035;0.9994
40318;0.9993
40529;0.9991
40856;0.9991
41050;0.9989
41533;0.9987
41778;0.9987
42121;0.9987
42339;1.0
42706;1.0
42896;0.9995
43186;0.9985
43539;1.0
43879;1.0
44169;1.0
44367;1.0
44607;1.0
44909;1.0
45078;1.0
45547;0.9999
45867;0.9999
46124;0.9995
46444;0.9994
46723;0.9994
47033;0.9994
47330;0.9994
47644;0.9994
47976;0.9994
48328;0.9994
48496;0.9994
48665;1.0
48854;1.0
49082;1.0
49383;1.0
49638;1.0
49867;1.0
50057;1.0
50482;1.0
50838;1.0
50964;1.0
51198;1.0
51391;1.0
51608;1.0
51844;1.0
52127;1.0
52405;1.0
52709;1.0
52868;1.0
53253;1.0
53479;1.0
104385;FOUND
