10367;START
10367;0.9
10495;0.9
10595;0.9
10756;0.9
10856;0.9
10956;0.9
11056;0.9
11156;0.9
11256;0.9
11356;0.9
11456;0.9
11598;0.9
11698;0.9384
11812;0.9527
11912;0.959
12018;0.9595
12118;0.9549
12219;0.9555
12322;0.9579
12446;0.9634
12565;0.9523
12665;0.964
12777;0.9683
12899;0.9639
12999;0.9651
13099;0.9648
13219;0.9632
13411;0.9601
13524;0.9707
13650;0.9657
13750;0.9543
13921;0.9651
14021;0.9681
14130;0.9672
14230;0.9684
14330;0.9662
14456;0.9658
14570;0.968
14706;0.9687
14806;0.9687
14968;0.9706
15068;0.9705
15240;0.9673
15340;0.9695
15450;0.9671
15550;0.9672
15650;0.947
15774;0.9722
15874;0.9668
15974;0.9719
16074;0.9715
16174;0.9734
16274;0.9665
16374;0.9741
16474;0.9698
16601;0.956
16701;0.965
16823;0.9678
16923;0.9631
17023;0.9668
17149;0.9676
17264;0.9595
17364;0.9702
17464;0.968
17564;0.9685
17664;0.9701
17770;0.9704
17870;0.9695
17970;0.9643
18070;0.9682
18170;0.9691
18311;0.9709
18411;0.9722
18511;0.97
18636;0.9675
18749;0.9693
18849;0.9749
18979;0.9716
19106;0.9701
19211;0.9683
19346;0.9707
19446;0.9719
19546;0.9728
19646;0.9686
19746;0.9728
19846;0.9725
19946;0.9678
20046;0.9654
20151;0.9622
20269;0.9726
20372;0.9723
20472;0.9712
20572;0.9678
20673;0.9657
20773;0.9696
20911;0.9727
21026;0.9708
21126;0.9697
21261;0.9712
21434;0.9699
21549;0.9702
21649;0.9728
21749;0.9733
21849;0.9737
21955;0.9737
22055;0.9718
22174;0.9745
22274;0.9739
22374;0.973
22483;0.9727
22606;0.9695
22706;0.9716
22840;0.9714
22940;0.9734
23042;0.9743
23142;0.9743
23285;0.9739
23385;0.9754
23485;0.9724
23603;0.9756
23703;0.9729
23811;0.975
23970;0.9733
24070;0.9765
24170;0.9754
24322;0.9757
24422;0.9767
24537;0.9766
24667;0.9741
24767;0.9745
24891;0.9757
24998;0.9752
25121;0.9747
25253;0.9748
25395;0.9749
25505;0.9744
25605;0.975
25705;0.9741
25819;0.9731
25922;0.9746
26022;0.9721
26126;0.9754
26265;0.9755
26365;0.9746
26465;0.9719
26565;0.9761
26665;0.9742
26821;0.9772
26931;0.9716
27031;0.971
27131;0.972
27231;0.9714
27346;0.9688
27504;0.9761
27622;0.9756
27722;0.978
27896;0.9747
27997;0.9749
28100;0.9778
28200;0.9777
28300;0.9777
28400;0.9781
28500;0.9786
28600;0.976
28700;0.9763
28804;0.9722
28920;0.9774
29065;0.9732
29254;0.9709
29354;0.9745
29505;0.976
29605;0.9797
29705;0.9798
29812;0.9771
29918;0.9767
30046;0.9779
30146;0.9767
30246;0.9763
30346;0.9706
30446;0.9731
30546;0.9758
30683;0.9764
30783;0.9767
30889;0.9769
30989;0.9758
31094;0.9743
31194;0.9775
31294;0.978
31425;0.9776
31553;0.9766
31702;0.9766
31802;0.9757
31912;0.9758
32012;0.9749
32122;0.9755
32237;0.9703
32337;0.9666
32447;0.9787
32570;0.9782
32685;0.9758
32796;0.973
32896;0.9787
33032;0.9801
33132;0.9737
33242;0.9762
33347;0.9759
33463;0.9789
33563;0.9782
33686;0.9778
33806;0.9783
33940;0.9783
34040;0.9789
34140;0.9761
34302;0.9764
34402;0.9768
34502;0.9759
34669;0.9766
34804;0.9749
34904;0.9716
8603344;FAILED
