10489;START
10489;0.9
10589;0.9
10697;0.9
10836;0.9
10950;0.9
11084;0.9
11195;0.9
11295;0.9
11395;0.9
11495;0.9
11648;0.9
11748;0.9165
11878;0.9398
11978;0.9439
12078;0.9493
12190;0.9533
12290;0.9551
12405;0.9546
12531;0.9539
12631;0.9538
12756;0.9523
12903;0.9468
13047;0.9531
13166;0.9515
13301;0.9506
13410;0.9558
13539;0.9576
13639;0.9458
13748;0.9419
13851;0.949
13962;0.9498
14087;0.9567
14187;0.9561
14287;0.949
14390;0.9614
14490;0.9626
14590;0.9657
14741;0.9638
14841;0.9615
14941;0.9557
15056;0.9622
15156;0.9645
15256;0.9661
15356;0.962
15456;0.9556
15602;0.9597
15735;0.9685
15852;0.9685
15952;0.9687
16052;0.9693
16152;0.9669
16252;0.9551
16352;0.968
16452;0.9658
16552;0.9677
16652;0.9678
16752;0.9609
16852;0.9729
16964;0.9705
17130;0.9697
17245;0.9738
17345;0.9713
17445;0.9705
17545;0.972
17658;0.9724
17800;0.9723
17935;0.9712
18035;0.9699
18135;0.9672
18268;0.9662
18399;0.972
18499;0.9708
18630;0.9622
18757;0.9692
18857;0.9729
18957;0.9677
19125;0.9723
19291;0.9712
19391;0.9707
19491;0.9711
19591;0.9721
19713;0.9715
19813;0.9726
19996;0.973
20096;0.9679
20196;0.9739
20296;0.9743
20399;0.9751
20528;0.9694
20638;0.968
20748;0.9715
20868;0.9715
20968;0.9738
21068;0.9748
21168;0.9742
21283;0.9732
21384;0.9723
21489;0.9726
21590;0.9726
21690;0.9726
21797;0.9704
21897;0.9731
21997;0.9687
22128;0.9744
22309;0.9751
22413;0.9762
22544;0.977
22660;0.9769
22760;0.9766
22871;0.9791
22971;0.9772
23071;0.9727
23226;0.9685
23351;0.973
23490;0.9733
23590;0.9662
23746;0.9668
23854;0.971
23967;0.9772
24103;0.9774
24235;0.9766
24338;0.9773
24449;0.9704
24573;0.9616
24673;0.9738
24810;0.9737
24910;0.9742
25093;0.978
25193;0.9758
25294;0.9695
25416;0.9766
25556;0.9779
25656;0.9705
25756;0.9801
25856;0.98
26020;0.9813
26120;0.979
26220;0.9795
26356;0.9777
26478;0.9719
26578;0.9787
26678;0.9737
26809;0.9802
26911;0.9797
27017;0.9772
27117;0.9742
27282;0.9773
27391;0.9789
27522;0.975
27622;0.9818
27742;0.9824
27847;0.9818
27947;0.9736
28047;0.9777
28151;0.9732
28251;0.9797
28351;0.9728
28451;0.9748
28551;0.9786
28677;0.9778
28777;0.9785
28907;0.9782
29007;0.9805
29170;0.9808
29270;0.9813
29396;0.9825
29496;0.9825
29596;0.9828
29696;0.9825
29808;0.9826
29920;0.9813
30054;0.9807
30219;0.9761
30396;0.976
30496;0.9816
30596;0.9811
30696;0.9809
30796;0.9777
30896;0.9781
30996;0.9821
31190;0.9793
31290;0.982
31390;0.9826
31520;0.9818
31636;0.9804
31736;0.9569
31836;0.9801
31936;0.9638
32079;0.9776
32179;0.9798
32294;0.9811
32394;0.9822
32522;0.9815
32627;0.9811
32788;0.9812
32888;0.9823
33000;0.972
33100;0.9811
33200;0.978
33329;0.98
33429;0.9804
33529;0.9803
33665;0.9811
33765;0.981
33885;0.9804
33985;0.9774
34131;0.9835
34231;0.9806
34331;0.9801
34431;0.9791
34531;0.9785
34631;0.9803
34755;0.9807
34856;0.9783
34956;0.9813
35056;0.9814
35156;0.9821
35293;0.9792
35393;0.9816
35493;0.9781
35593;0.9833
35693;0.9841
35860;0.9809
35960;0.978
36060;0.9775
36160;0.9821
36260;0.9827
36360;0.9829
36490;0.9793
36590;0.9813
36735;0.9843
36859;0.9823
36964;0.9787
37068;0.9805
37173;0.9791
37273;0.9819
37373;0.983
37546;0.9835
37646;0.9819
37764;0.9675
37864;0.9836
37980;0.9791
38080;0.9768
38180;0.9819
38280;0.9803
38380;0.9796
38554;0.9801
38654;0.9819
38754;0.9846
38869;0.9833
38998;0.9836
39100;0.9805
39203;0.9833
39303;0.9812
39403;0.9764
39503;0.9837
39607;0.9841
39707;0.9837
39807;0.9792
39932;0.9826
40062;0.9839
40173;0.9846
40273;0.9838
40421;0.9806
40521;0.9823
40627;0.9754
40767;0.9789
40881;0.9819
40981;0.9779
41090;0.9844
41190;0.9847
41290;0.9847
41406;0.9835
41506;0.982
41671;0.9769
41771;0.9843
41873;0.9833
41993;0.9827
42096;0.9836
42196;0.9843
42297;0.9851
42412;0.9852
42517;0.9843
42639;0.9844
42754;0.9825
42889;0.9838
43013;0.9846
43113;0.9828
43213;0.986
43346;0.9847
43446;0.9843
43546;0.9854
43646;0.9854
43746;0.9845
43846;0.9813
43946;0.9666
44049;0.9791
44152;0.9851
44252;0.9857
44352;0.9858
44452;0.9841
44552;0.9841
44652;0.9837
44760;0.9857
44860;0.9845
44970;0.9803
45071;0.9777
45171;0.9832
45271;0.9838
45371;0.9804
45471;0.984
45586;0.9855
45686;0.9824
45793;0.9783
45921;0.9868
46037;0.9841
46137;0.9854
46256;0.9852
46356;0.9849
46456;0.9846
46602;0.9838
46702;0.9837
46884;0.9831
46984;0.9835
47084;0.9843
47189;0.9842
47289;0.9805
47389;0.9818
47504;0.9823
47604;0.9857
47712;0.9848
47812;0.9846
47912;0.9798
48019;0.9744
48119;0.9851
48253;0.9853
48353;0.9864
48469;0.9862
48625;0.9848
48740;0.9875
48850;0.9841
48994;0.9853
49094;0.9878
49194;0.985
49308;0.9865
49408;0.9844
49508;0.9856
49628;0.9864
49811;0.9865
49919;0.9865
50019;0.9864
50119;0.9871
50219;0.9874
50319;0.9873
50421;0.987
50615;0.987
50715;0.9858
50864;0.9824
50964;0.9846
51064;0.9848
51164;0.987
51316;0.9825
51416;0.9872
51516;0.9875
51629;0.9781
51729;0.9821
51844;0.9843
51948;0.9788
52105;0.9851
52205;0.9859
52330;0.9876
52430;0.9863
52542;0.9874
52674;0.9864
52778;0.9858
52952;0.9875
53069;0.9876
53169;0.9867
53269;0.9869
53401;0.982
7256565;FAILED
