10100;START
10100;0.8985
10222;0.8985
10344;0.8985
10444;0.8985
10571;0.8985
10671;0.8985
10795;0.8985
10895;0.8985
10995;0.8985
11095;0.8985
11210;0.8985
11324;0.8985
11444;0.8985
11570;0.8985
11670;0.8985
11770;0.8985
11887;0.8985
11987;0.8985
12087;0.8985
12187;0.8985
12302;0.8985
12443;0.8985
12639;0.8985
12754;0.9584
12854;0.9537
12954;0.9578
13054;0.929
13156;0.959
13256;0.9595
13356;0.9573
13505;0.9525
13612;0.95
13796;0.9548
13896;0.9347
13996;0.9556
14096;0.9606
14196;0.9585
14306;0.9603
14406;0.9586
14526;0.958
14626;0.9622
14761;0.9647
14861;0.9627
15049;0.9634
15149;0.9435
15249;0.9252
15353;0.962
15469;0.9697
15569;0.9617
15689;0.9632
15791;0.9677
15891;0.9663
16010;0.9723
16110;0.9707
16210;0.9692
16310;0.9693
16423;0.9681
16523;0.9685
16623;0.9721
16723;0.9668
16825;0.971
16925;0.9709
17025;0.9727
17188;0.9685
17288;0.9741
17411;0.9733
17544;0.9579
17644;0.9656
17744;0.9735
17844;0.9722
17944;0.9715
18044;0.9724
18144;0.9725
18254;0.9715
18382;0.96
18482;0.9613
18630;0.9725
18748;0.9733
18897;0.9695
19024;0.963
19139;0.9645
19251;0.972
19376;0.9705
19476;0.9693
19576;0.957
19704;0.9722
19804;0.9717
19904;0.9737
20004;0.973
20104;0.9715
20204;0.973
20304;0.9734
20404;0.9713
20504;0.969
20604;0.9737
20734;0.9737
20834;0.9734
20945;0.9765
21045;0.9764
21145;0.9763
21250;0.9753
21350;0.9769
21464;0.9763
21564;0.977
21664;0.9766
21773;0.9738
21877;0.9778
21979;0.9707
22079;0.9758
22179;0.9736
22279;0.9731
22379;0.9741
22505;0.974
22622;0.9772
22722;0.9776
22831;0.9774
22931;0.975
23042;0.9772
23142;0.9776
23245;0.9779
23345;0.9621
23445;0.9789
23545;0.9662
23646;0.9771
23746;0.9751
23871;0.9702
24021;0.9778
24121;0.9768
24258;0.978
24358;0.9768
24468;0.9744
24573;0.9792
24673;0.9769
24773;0.9767
24873;0.9775
24973;0.9779
25073;0.978
25173;0.9779
25273;0.9777
25373;0.9713
25521;0.9746
25659;0.9707
25786;0.9634
25886;0.9773
25986;0.9738
26086;0.9752
26227;0.9746
26348;0.9719
26477;0.9709
26577;0.9721
26696;0.9761
26806;0.9733
26926;0.9736
27061;0.9781
27201;0.9782
27301;0.9777
27471;0.9782
27573;0.9782
27673;0.9769
27773;0.9751
27873;0.9787
27986;0.9787
28086;0.9787
28191;0.9766
28291;0.9776
28391;0.9795
28491;0.979
28599;0.978
28699;0.9791
28808;0.9775
28908;0.9764
29084;0.9777
29186;0.9791
29286;0.9801
29386;0.977
29486;0.9795
29586;0.9796
29686;0.9776
29786;0.9753
29905;0.9774
30076;0.9773
30176;0.9763
30276;0.9776
30376;0.9798
30493;0.9776
30593;0.9794
30697;0.9795
30797;0.9795
30930;0.9746
31040;0.9754
31152;0.9761
31257;0.9791
31357;0.9794
31457;0.9752
31592;0.96
31732;0.9639
8664165;FAILED
