10351;START
10351;0.9
10451;0.9
10599;0.9
10699;0.9
10799;0.9
10906;0.9
11006;0.9
11106;0.9
11222;0.9
11344;0.9
11444;0.9
11544;0.9
11644;0.9
11784;0.9
11922;0.9269
12022;0.9417
12125;0.9487
12225;0.9393
12325;0.9493
12459;0.9588
12576;0.959
12676;0.9552
12776;0.9517
12876;0.954
12976;0.9657
13076;0.9633
13219;0.9595
13320;0.9609
13454;0.9584
13685;0.9637
13785;0.9668
13893;0.9676
13999;0.9691
14099;0.9688
14199;0.969
14325;0.9711
14425;0.954
14525;0.9343
14698;0.9707
14798;0.9683
14898;0.9684
15013;0.9685
15136;0.9727
15236;0.9727
15336;0.9718
15436;0.9704
15536;0.9696
15643;0.9713
15787;0.9647
15906;0.9727
16025;0.9711
16139;0.9715
16252;0.9679
16359;0.9731
16459;0.972
16559;0.9698
16659;0.9656
16759;0.9736
16859;0.9695
16987;0.974
17087;0.9731
17197;0.971
17297;0.974
17397;0.9741
17498;0.9729
17627;0.9623
17727;0.9724
17844;0.9763
17944;0.9746
18066;0.9742
18166;0.9753
18266;0.9767
18366;0.9767
18477;0.9753
18577;0.967
18711;0.9724
18811;0.9738
18924;0.9738
19050;0.9743
19238;0.9757
19338;0.9727
19438;0.9761
19538;0.977
19638;0.977
19738;0.977
19888;0.9756
19988;0.9744
20088;0.9778
20188;0.9756
20288;0.9769
20390;0.9766
20490;0.9759
20590;0.9755
20696;0.9743
20844;0.9732
20944;0.9752
21060;0.9755
21181;0.9756
21291;0.9765
21401;0.9769
21501;0.9746
21601;0.9756
21701;0.9758
21801;0.9781
21913;0.9781
22013;0.9782
22130;0.9789
22267;0.9787
22367;0.9767
22467;0.9785
22567;0.9785
22667;0.9785
22767;0.9778
22867;0.9774
22967;0.9757
23076;0.9721
23188;0.975
23309;0.9783
23409;0.9765
23509;0.9783
23609;0.9745
23737;0.9766
23845;0.9754
23945;0.9751
24045;0.9753
24165;0.9765
24265;0.9754
24371;0.9766
24471;0.9779
24571;0.9775
24742;0.9769
24878;0.9776
25037;0.9789
25137;0.9779
25237;0.9786
25376;0.9797
25532;0.9768
25636;0.979
25749;0.9724
25849;0.9804
25962;0.9775
26062;0.9789
26163;0.9791
26263;0.9782
26363;0.9777
26477;0.9759
26577;0.9744
26689;0.9779
26789;0.9797
26889;0.9765
26989;0.9751
27136;0.9771
27236;0.9791
27336;0.9793
27458;0.9799
27558;0.9792
27658;0.9794
27787;0.9798
27887;0.9759
27987;0.979
28087;0.9798
28187;0.967
28287;0.9578
28387;0.9735
28524;0.9736
28627;0.978
28727;0.9771
28859;0.9777
28968;0.9801
29103;0.9789
29212;0.9784
29340;0.979
29440;0.9801
29547;0.9783
29647;0.9803
29790;0.9806
29929;0.9799
30029;0.9801
30129;0.9796
30229;0.9793
30329;0.9794
30429;0.9791
30577;0.9787
30677;0.9735
7658473;FAILED
