10298;START
10298;0.9
10398;0.9
10514;0.9
10621;0.9
10721;0.9
10846;0.9
10946;0.9
11046;0.9
11158;0.9
11258;0.9
11358;0.9
11458;0.9482
11572;0.9472
11672;0.9604
11772;0.9559
11875;0.9571
11975;0.9619
12112;0.9541
12218;0.958
12352;0.9624
12473;0.9663
12589;0.9629
12727;0.963
12827;0.9692
12928;0.9645
13028;0.97
13128;0.9696
13228;0.9671
13328;0.9626
13428;0.9626
13528;0.9633
13628;0.9642
13728;0.9662
13836;0.9676
13936;0.9624
14051;0.9626
14151;0.9653
14271;0.9703
14397;0.9665
14497;0.9645
14601;0.9682
14711;0.9686
14878;0.9701
14978;0.9705
15100;0.9711
15200;0.9722
15300;0.9706
15407;0.9707
15507;0.9689
15620;0.9694
15733;0.9698
15833;0.9732
15933;0.9725
16033;0.9706
16133;0.9664
16244;0.971
16377;0.9717
16477;0.9629
16584;0.9651
16684;0.9558
16833;0.9681
16946;0.9685
17046;0.972
17209;0.9673
17309;0.9707
17409;0.9726
17509;0.9719
17614;0.9731
17714;0.9765
17858;0.9708
17996;0.977
18134;0.9765
18249;0.976
18369;0.9762
18485;0.9762
18585;0.9759
18685;0.9759
18805;0.9762
18905;0.9767
19005;0.9761
19114;0.9762
19244;0.9772
19344;0.9685
19444;0.9577
19544;0.9528
19644;0.9763
19744;0.9753
19880;0.977
19980;0.9765
20080;0.976
20180;0.9757
20303;0.9774
20426;0.9765
20533;0.9695
20657;0.9782
20757;0.9771
20857;0.9761
21050;0.9731
21218;0.9672
21402;0.9755
21538;0.9701
21695;0.962
21795;0.974
21895;0.975
21995;0.9756
22096;0.9756
22196;0.9757
22324;0.9761
22451;0.9763
22568;0.9729
22678;0.9755
22778;0.9728
22878;0.9658
23048;0.9784
23157;0.9778
23259;0.978
23388;0.9757
23488;0.9766
23588;0.9758
23688;0.9754
23840;0.9766
23940;0.9781
24040;0.9691
24140;0.9738
24240;0.9755
24345;0.9723
24445;0.9715
24552;0.9713
24751;0.9757
24851;0.9749
24951;0.9778
25060;0.9769
25160;0.9778
25261;0.9736
25361;0.975
25464;0.97
25564;0.9729
25664;0.9777
25764;0.9783
25876;0.9786
25976;0.9767
26076;0.9786
26204;0.9778
26304;0.9792
26420;0.9785
26520;0.9736
26620;0.9721
26720;0.9742
26832;0.9772
26932;0.9717
27082;0.9784
27182;0.9773
27282;0.9736
27382;0.9761
27483;0.9768
27602;0.9784
27742;0.9779
27842;0.9794
27945;0.9778
28045;0.9777
28177;0.9731
28324;0.9798
28508;0.9801
28620;0.9795
28720;0.9805
28825;0.9793
28925;0.9681
29037;0.9764
29181;0.9781
29288;0.9785
29388;0.9778
29488;0.9799
29588;0.9773
29688;0.9797
29819;0.9794
29919;0.9796
30039;0.9739
30139;0.9773
30243;0.9802
30343;0.9755
30443;0.9803
30578;0.9764
30678;0.9805
30803;0.9757
30903;0.9725
31065;0.9759
31186;0.978
31286;0.9756
31424;0.9798
31524;0.9786
31624;0.9793
31724;0.9738
31832;0.9785
31932;0.9793
32052;0.9785
32160;0.9805
32285;0.9792
32394;0.9774
32494;0.9796
32594;0.9781
32694;0.9749
32804;0.9695
32926;0.9761
33026;0.9761
33153;0.9766
33253;0.979
33366;0.9753
33466;0.9796
33623;0.9788
33723;0.9793
33823;0.9787
33923;0.979
34039;0.9785
34139;0.9742
34239;0.9782
34339;0.9787
34439;0.9788
34582;0.9788
34697;0.9784
34797;0.9766
34897;0.9808
34997;0.98
35097;0.9801
35206;0.9791
35359;0.9789
35487;0.9789
35587;0.979
35687;0.9798
35787;0.979
35887;0.9779
36004;0.9778
36125;0.9787
36225;0.9778
36325;0.9764
36454;0.9745
36583;0.979
36730;0.9721
36839;0.9779
36939;0.9744
37039;0.9733
7595190;FAILED
