10811;START
10811;0.9
10929;0.9
11077;0.9
11209;0.9
11344;0.9
11448;0.9
11548;0.9
11648;0.9
11773;0.9
11875;0.9
11984;0.9
12168;0.9
12268;0.9
12368;0.9
12468;0.9
12568;0.9
12668;0.9441
12768;0.961
12868;0.9567
12971;0.9692
13071;0.9708
13183;0.9561
13283;0.9607
13400;0.9645
13500;0.9661
13620;0.9668
13720;0.9572
13820;0.9566
13920;0.9618
14065;0.9532
14176;0.9583
14306;0.9596
14433;0.9597
14533;0.9562
14648;0.9573
14782;0.9561
14883;0.9558
14983;0.9607
15083;0.9604
15255;0.9657
15409;0.9683
15509;0.9675
15641;0.9613
15755;0.965
15855;0.968
15955;0.9702
16055;0.9679
16157;0.9699
16257;0.9697
16386;0.9668
16486;0.9702
16626;0.9691
16726;0.965
16836;0.9638
16940;0.9651
17040;0.9645
17140;0.9646
17240;0.9646
17340;0.9625
17462;0.9658
17562;0.9668
17662;0.9675
17793;0.9677
17911;0.9683
18041;0.9693
18247;0.9703
18389;0.9703
18526;0.9625
18689;0.972
18789;0.9654
18904;0.9665
19018;0.971
19118;0.9705
19239;0.9691
19339;0.9686
19483;0.968
19583;0.9703
19683;0.9714
19783;0.9716
19883;0.9715
19983;0.9691
20107;0.9659
20207;0.9698
20307;0.9672
20407;0.965
20526;0.9722
20626;0.9704
20770;0.9722
20921;0.9699
21021;0.957
21141;0.9733
21247;0.9734
21356;0.974
21456;0.9711
21556;0.9717
21662;0.9734
21762;0.9708
21862;0.9628
21999;0.9656
22128;0.9703
22228;0.9709
22328;0.9688
22460;0.97
22561;0.9696
22680;0.9698
22780;0.9469
22909;0.9598
23009;0.9674
23173;0.9681
23273;0.964
23373;0.9599
23478;0.9671
23583;0.9705
23732;0.9688
23849;0.9648
23949;0.9646
24049;0.9704
24151;0.9686
24284;0.9735
24384;0.972
24495;0.9709
24595;0.9714
24744;0.9725
24903;0.9747
25003;0.9762
25103;0.9757
25203;0.9756
25362;0.9754
25462;0.9741
25562;0.9729
25678;0.9701
25778;0.9728
25973;0.9766
26073;0.974
26173;0.9654
26319;0.9693
26462;0.974
26562;0.9735
26669;0.9733
26769;0.9748
26876;0.9759
26990;0.976
27127;0.9762
27227;0.9772
27327;0.9774
27427;0.9763
27527;0.9717
27657;0.9704
27828;0.9764
27928;0.9764
28049;0.9754
28203;0.9747
28322;0.9732
28434;0.9756
28569;0.9766
28718;0.976
28818;0.9765
28918;0.9763
29028;0.9754
29128;0.9748
29228;0.9753
29328;0.9777
29428;0.9768
29590;0.9758
29690;0.9745
29818;0.9726
29971;0.9771
30133;0.9775
30244;0.9776
30344;0.9769
30444;0.9771
30615;0.9773
30715;0.9774
30852;0.9775
30989;0.9773
31106;0.9769
31206;0.9768
31390;0.9772
31521;0.9774
31621;0.9773
31721;0.977
31821;0.9779
31953;0.9774
32053;0.9781
32153;0.977
32253;0.9773
32390;0.9769
32503;0.9772
32603;0.9759
32729;0.9766
32829;0.9765
32935;0.976
33035;0.9761
33172;0.9777
33272;0.9767
33372;0.978
33472;0.9783
33595;0.9779
33708;0.9769
33808;0.9784
33908;0.9786
34008;0.9787
34135;0.973
34254;0.9752
34399;0.9766
34499;0.9784
34599;0.9713
34699;0.9779
34799;0.9779
34899;0.9759
34999;0.9752
35112;0.9745
35212;0.9777
35312;0.9778
35453;0.9779
35561;0.9779
35661;0.977
35761;0.9766
35862;0.9725
35972;0.9749
36072;0.9785
36172;0.9786
36272;0.9779
36377;0.9766
36484;0.9763
36590;0.9771
36690;0.9748
36867;0.9771
37001;0.9773
37101;0.9774
37210;0.978
37331;0.978
37482;0.9779
37591;0.976
37694;0.9763
37804;0.9773
37907;0.9754
38007;0.9754
38107;0.976
38207;0.9785
38307;0.9781
38463;0.9782
38563;0.9782
38663;0.9782
38763;0.9771
38863;0.9786
38963;0.9787
39063;0.9789
39191;0.9785
39351;0.9785
39454;0.9785
39554;0.9783
39695;0.9783
39795;0.9783
39895;0.9783
39995;0.9788
40095;0.9794
40195;0.9787
40352;0.9795
40462;0.9798
40562;0.9797
40703;0.9774
40887;0.9759
40987;0.9762
41087;0.9758
41230;0.9778
41337;0.972
41518;0.9784
41618;0.9784
41718;0.969
41844;0.9784
41944;0.9784
42044;0.9777
42144;0.9779
42262;0.9775
42362;0.9784
42462;0.9791
42562;0.9794
42662;0.977
42762;0.9762
42862;0.9781
42985;0.9776
43134;0.977
43234;0.977
43334;0.9798
43434;0.9795
43534;0.9794
43638;0.9795
43756;0.9758
43859;0.9758
43973;0.98
44073;0.9791
44173;0.9752
44328;0.974
44428;0.9753
44559;0.9789
44706;0.9728
44867;0.9785
44967;0.9783
45090;0.9768
45190;0.9808
45312;0.977
45412;0.9804
45524;0.9754
45624;0.9779
45724;0.9798
45824;0.9719
45924;0.979
46024;0.978
46124;0.9782
46224;0.9782
46324;0.9772
46425;0.9767
46606;0.9768
46742;0.9776
46842;0.9772
46942;0.9773
47042;0.9775
47174;0.9776
47274;0.979
47411;0.9794
47511;0.98
47611;0.9793
47711;0.9785
47840;0.9786
48031;0.9789
48131;0.9792
48249;0.9793
48367;0.9793
48467;0.9793
48570;0.9794
48670;0.9795
48770;0.9797
48900;0.9797
49000;0.9785
49100;0.976
49200;0.9742
8468924;FAILED
