10497;START
10497;0.9
10597;0.9
10705;0.9
10805;0.9
10930;0.9
11030;0.9
11154;0.9
11276;0.9
11376;0.9
11477;0.9
11577;0.9368
11677;0.9411
11810;0.9579
11910;0.9549
12010;0.9585
12156;0.9578
12299;0.9593
12399;0.9619
12499;0.9615
12599;0.9599
12716;0.9607
12820;0.965
12920;0.9573
13026;0.9664
13141;0.9586
13241;0.9558
13360;0.9575
13464;0.9615
13564;0.9611
13695;0.9578
13802;0.9649
13902;0.9662
14013;0.9595
14129;0.9645
14230;0.9657
14330;0.9547
14430;0.9679
14530;0.9668
14630;0.9678
14730;0.9701
14893;0.969
15039;0.9707
15141;0.9687
15251;0.9683
15373;0.9593
15473;0.9615
15573;0.9675
15673;0.9648
15802;0.9656
15902;0.9578
16014;0.9683
16160;0.9694
16260;0.9671
16360;0.9731
16469;0.9744
16569;0.9702
16672;0.9686
16775;0.9695
16875;0.9758
16989;0.9705
17089;0.9645
17191;0.9677
17291;0.9692
17391;0.9719
17547;0.9729
17647;0.9733
17747;0.9763
17864;0.9742
17964;0.976
18086;0.9772
18211;0.9713
18318;0.9741
18432;0.9753
18532;0.9753
18632;0.9764
18787;0.9783
18887;0.975
18987;0.9787
19087;0.9789
19240;0.98
19340;0.9796
19440;0.9785
19540;0.9797
19640;0.9793
19740;0.9792
19880;0.9721
19984;0.9781
20084;0.9775
20184;0.979
20284;0.9797
20390;0.9795
20490;0.9768
20590;0.9726
20690;0.9706
20790;0.9711
20909;0.9693
21013;0.973
21143;0.9742
21243;0.9689
21354;0.9753
21488;0.9782
21598;0.9758
21705;0.9735
21829;0.965
21969;0.9748
22121;0.9695
22221;0.9737
22321;0.9754
22457;0.966
22568;0.9744
22684;0.9684
22800;0.9587
22900;0.9771
23000;0.968
23189;0.9738
23289;0.972
23392;0.9727
23506;0.9751
23665;0.9799
23765;0.981
23870;0.9805
23970;0.9795
24080;0.9822
24180;0.982
24280;0.9817
24380;0.9785
24480;0.9731
24580;0.9787
24722;0.9771
24822;0.978
24934;0.9792
25034;0.9799
25140;0.972
25262;0.9819
25384;0.9754
25484;0.9835
25584;0.9832
25743;0.9826
25843;0.9825
25943;0.9774
26043;0.9836
26164;0.9809
26264;0.9831
26364;0.9818
26464;0.9812
26564;0.9826
26664;0.9813
26776;0.983
26908;0.9817
27008;0.9827
27108;0.9808
27208;0.9807
27308;0.9807
27450;0.9811
27550;0.9815
27650;0.9818
27799;0.9818
27899;0.9818
28014;0.9816
28114;0.9818
28214;0.9824
28320;0.9773
28420;0.9719
28520;0.9783
28620;0.9784
28720;0.9761
8270319;FAILED
