10475;START
10475;0.9
10575;0.9
10675;0.9
10791;0.9
10891;0.9
11009;0.9
11109;0.9
11223;0.9
11323;0.9
11443;0.9501
11586;0.9547
11687;0.9574
11787;0.9499
11912;0.9523
12036;0.9257
12149;0.9554
12262;0.9539
12362;0.9322
12486;0.9565
12586;0.9491
12697;0.9609
12797;0.9529
12909;0.9562
13009;0.9694
13130;0.9574
13230;0.9697
13330;0.9711
13430;0.9712
13535;0.9554
13635;0.9588
13773;0.9581
13873;0.9657
13973;0.9657
14073;0.9666
14173;0.9636
14273;0.9653
14373;0.9671
14473;0.9667
14608;0.9721
14708;0.9677
14832;0.9714
14932;0.9759
15032;0.9752
15132;0.9448
15232;0.9462
15332;0.9637
15432;0.9678
15535;0.9648
15635;0.9752
15735;0.9742
15835;0.9747
15949;0.9737
16098;0.974
16198;0.9644
16298;0.9745
16398;0.9733
16504;0.9751
16604;0.9753
16704;0.96
16804;0.9794
16913;0.9758
17025;0.9754
17125;0.9759
17237;0.9759
17337;0.9749
17447;0.9689
17559;0.9724
17659;0.9745
17759;0.9756
17859;0.9739
17959;0.9761
18071;0.975
18196;0.9762
18296;0.9753
18396;0.9641
18530;0.973
18630;0.9771
18730;0.9775
18844;0.9765
18944;0.976
19044;0.9767
19160;0.969
19357;0.973
19457;0.9743
19557;0.9777
19669;0.9782
19769;0.9785
19896;0.9786
20096;0.9787
20198;0.979
20322;0.9791
20422;0.9787
20522;0.9717
20622;0.9733
20737;0.9788
20857;0.9742
20957;0.9723
21086;0.9772
21186;0.9724
21302;0.9691
21402;0.9726
21502;0.977
21621;0.9799
21721;0.9803
21821;0.9808
21921;0.9735
22021;0.9742
22141;0.9798
22260;0.9796
22412;0.9809
22512;0.9807
22612;0.9796
22751;0.9767
22875;0.9773
22976;0.9786
23076;0.9742
23177;0.9782
23301;0.9771
23401;0.9769
23501;0.9771
23606;0.9716
23706;0.9797
23824;0.9773
23957;0.9801
24057;0.981
24159;0.98
24259;0.9807
24359;0.9807
24459;0.98
24563;0.9801
24695;0.9796
24795;0.9803
24895;0.9797
24996;0.9802
25096;0.9784
25196;0.9803
25315;0.9766
25415;0.9796
25517;0.9795
25617;0.9795
25717;0.9784
25817;0.9788
25917;0.9793
26017;0.9809
26117;0.9798
26217;0.9784
26359;0.9819
26459;0.9793
26566;0.9811
26711;0.9811
26811;0.9798
26911;0.9748
27011;0.9692
27130;0.9725
27246;0.9723
27346;0.9698
27446;0.9798
27577;0.9805
27677;0.9796
27778;0.9763
27902;0.9809
28013;0.9806
28131;0.9805
28267;0.981
28403;0.981
28513;0.9811
28623;0.9818
28727;0.982
28895;0.982
28995;0.9816
29137;0.9817
29237;0.9818
29337;0.9819
29437;0.9821
29537;0.982
29701;0.982
29801;0.982
29918;0.982
30072;0.982
30172;0.9804
30272;0.9819
30402;0.9817
30528;0.9789
30631;0.9777
30731;0.9782
30835;0.9808
30995;0.9827
31132;0.9806
31232;0.9797
31332;0.9797
31451;0.9817
31552;0.9817
31652;0.9811
31799;0.9811
31899;0.9819
31999;0.9812
32099;0.9771
32310;0.9799
32410;0.9733
32523;0.9744
32623;0.9779
32766;0.9793
32905;0.9803
33028;0.982
33128;0.9823
33251;0.9821
33351;0.9819
33451;0.9799
33559;0.9777
33659;0.982
33768;0.9806
33868;0.9811
33968;0.9813
34075;0.9817
34198;0.9815
34298;0.9806
34398;0.977
34498;0.9828
34632;0.9829
34732;0.9829
34832;0.9834
34932;0.9835
35032;0.9801
8069764;FAILED
