10109;START
10109;0.8949
10209;0.8949
10309;0.8949
10409;0.8949
10509;0.8949
10610;0.8949
10710;0.8949
10819;0.8949
10924;0.8949
11045;0.9496
11145;0.9497
11245;0.9443
11401;0.9258
11522;0.9464
11622;0.9516
11722;0.9468
11822;0.9446
11989;0.9515
12089;0.9577
12222;0.9563
12354;0.9635
12479;0.9662
12600;0.9651
12700;0.9634
12800;0.9651
12918;0.9675
13027;0.9647
13127;0.969
13256;0.9676
13363;0.9615
13463;0.9627
13573;0.9698
13673;0.9587
13773;0.9546
13873;0.9664
13985;0.97
14086;0.9657
14186;0.961
14286;0.969
14388;0.9676
14488;0.9749
14590;0.9726
14690;0.9742
14802;0.9717
14902;0.9699
15002;0.9702
15102;0.9735
15211;0.9715
15311;0.9747
15426;0.9745
15535;0.9746
15667;0.9743
15794;0.9753
15894;0.9721
15994;0.9686
16094;0.9709
16194;0.9722
16294;0.9765
16451;0.9752
16559;0.9753
16676;0.972
16777;0.9757
16879;0.9732
16979;0.972
17079;0.9749
17193;0.9749
17293;0.9749
17393;0.9739
17493;0.9719
17614;0.9725
17714;0.9728
17814;0.9691
17914;0.9713
18014;0.9659
18192;0.974
18292;0.9724
18392;0.9725
18492;0.9728
18673;0.9607
18808;0.968
18913;0.9678
19020;0.9726
19156;0.9728
19256;0.9708
19368;0.975
19497;0.9719
19597;0.9751
19697;0.9756
19797;0.9737
19930;0.9757
20033;0.9758
20133;0.9759
20233;0.9741
20449;0.9742
20577;0.9758
20677;0.974
20816;0.9753
20916;0.974
21016;0.9695
21116;0.9746
21233;0.9706
21333;0.9749
21433;0.972
21533;0.9747
21636;0.9731
21762;0.9748
21923;0.9756
22023;0.9724
22123;0.9729
22223;0.9734
22352;0.9749
22452;0.9706
22573;0.9735
22683;0.9754
22783;0.9757
22883;0.975
23040;0.973
23140;0.9722
23240;0.9774
23340;0.9778
23534;0.9761
23634;0.9787
23734;0.9791
23858;0.9773
24000;0.9752
24100;0.9748
24200;0.9756
24312;0.9767
24412;0.9775
24535;0.978
24635;0.976
24735;0.9724
24844;0.9763
24944;0.9781
25086;0.978
25221;0.979
25406;0.979
25506;0.9788
25687;0.9788
25787;0.9775
25887;0.9702
26026;0.9752
26170;0.9694
26304;0.9789
26422;0.9788
26545;0.9785
26645;0.9782
26745;0.9756
26845;0.9662
26960;0.9747
27060;0.978
27161;0.9782
27261;0.9733
27361;0.9745
27466;0.9788
27566;0.9758
27666;0.9782
27766;0.9771
27880;0.9767
27980;0.9768
28080;0.9781
28193;0.979
28311;0.9792
28411;0.9793
28511;0.979
28634;0.9794
28758;0.9794
28864;0.9795
28979;0.9793
29079;0.9792
29179;0.9791
29279;0.9778
29379;0.9771
29479;0.977
29579;0.9769
29679;0.9795
29779;0.9795
29879;0.9788
29979;0.9788
30080;0.979
30192;0.9758
30292;0.9765
30392;0.979
30508;0.9792
30630;0.9792
30730;0.9779
30830;0.9778
30959;0.9778
31059;0.9803
31159;0.9766
31259;0.9801
31374;0.98
31474;0.98
31574;0.98
31674;0.9786
31783;0.979
31911;0.9773
32011;0.9794
32111;0.9789
32301;0.9784
32401;0.9788
32501;0.9797
32601;0.9789
32701;0.9791
32823;0.9789
32939;0.9764
33039;0.9793
33139;0.977
33239;0.9696
33341;0.9732
33441;0.9771
33553;0.9782
33653;0.9778
33753;0.9778
33853;0.9778
33953;0.9781
34053;0.9787
34153;0.9789
34265;0.9792
34441;0.9787
34541;0.9787
34652;0.9795
34752;0.9795
34886;0.98
34986;0.9784
35086;0.976
35188;0.9756
35300;0.9796
35472;0.975
35578;0.9789
35680;0.9782
35785;0.978
35885;0.9778
36000;0.9787
36100;0.9779
36202;0.973
7274014;FAILED
