10100;START
10100;0.8977
10242;0.8977
10385;0.8977
10503;0.8977
10633;0.8977
10733;0.8977
10847;0.8977
10947;0.8977
11090;0.8977
11190;0.8977
11290;0.8977
11390;0.8977
11490;0.8977
11610;0.8977
11761;0.8977
11861;0.8977
11961;0.8977
12096;0.8977
12196;0.8977
12304;0.8977
12404;0.8977
12504;0.9178
12608;0.94
12751;0.9318
12861;0.9475
12981;0.9587
13081;0.9615
13181;0.9609
13281;0.9481
13381;0.9538
13481;0.962
13644;0.9644
13759;0.9599
13879;0.9455
13979;0.966
14090;0.9664
14190;0.9664
14290;0.9666
14390;0.9605
14490;0.964
14590;0.9619
14690;0.9625
14821;0.9558
14921;0.9615
15021;0.9595
15121;0.9639
15221;0.9682
15321;0.9662
15461;0.9653
15569;0.9653
15669;0.9621
15774;0.9686
15929;0.9552
16050;0.9681
16164;0.9642
16314;0.9641
16414;0.9638
16525;0.9635
16681;0.963
16781;0.9709
16890;0.9697
17008;0.9717
17117;0.9697
17217;0.9704
17317;0.9705
17417;0.9708
17517;0.9725
17617;0.9725
17717;0.9718
17872;0.9654
17972;0.9639
18072;0.9659
18188;0.9717
18335;0.9743
18446;0.9716
18546;0.9745
18646;0.9709
18763;0.9744
18863;0.9761
18986;0.9695
19142;0.9761
19242;0.9746
19342;0.9713
19488;0.9704
19588;0.9718
19688;0.9746
19789;0.9737
19920;0.9751
20025;0.9757
20147;0.9733
20247;0.9772
20347;0.9768
20470;0.9774
20572;0.9774
20672;0.9773
20772;0.9766
20958;0.9738
21058;0.9732
21168;0.9784
21268;0.9727
21397;0.9688
21497;0.977
21597;0.9785
21711;0.975
21820;0.9782
21920;0.9785
22110;0.9782
22210;0.9764
22310;0.9778
22410;0.9784
22510;0.9763
22648;0.9774
22777;0.9742
22896;0.9764
22996;0.9792
23096;0.9792
23220;0.9775
23320;0.9793
23420;0.9773
23520;0.9738
23620;0.9805
23720;0.9789
23856;0.9803
23991;0.9778
24091;0.978
24191;0.9767
24337;0.9752
24437;0.977
24537;0.977
24679;0.9822
24794;0.9775
24912;0.9815
25012;0.981
25185;0.9801
25304;0.9834
25404;0.9819
25504;0.9826
25604;0.9819
25704;0.9819
25869;0.9838
26010;0.9783
26110;0.9765
26222;0.9769
26322;0.9747
26470;0.9733
26597;0.9613
26697;0.9749
26797;0.9782
26951;0.9784
27051;0.9778
27151;0.9778
27289;0.9817
27389;0.9821
27495;0.9779
27595;0.9805
27695;0.981
27795;0.9819
27900;0.9792
28000;0.9818
28110;0.9766
28210;0.9807
28334;0.9822
28485;0.9822
28585;0.9821
28760;0.9818
28911;0.9805
29011;0.98
29120;0.9797
29220;0.9799
29370;0.9784
29488;0.9783
29588;0.9821
29688;0.9781
29788;0.9783
29888;0.9836
29988;0.9834
30088;0.9829
30188;0.9831
30292;0.9823
30437;0.9822
30537;0.9778
30656;0.9817
30791;0.9801
30891;0.9815
30991;0.982
31091;0.9819
31269;0.9833
31369;0.9827
31469;0.9824
31569;0.9798
31677;0.9841
31777;0.9837
31886;0.9844
32038;0.9837
32138;0.9834
32238;0.9835
32378;0.9834
32478;0.9834
32578;0.9823
32745;0.983
32866;0.9831
32966;0.9829
33076;0.9828
33176;0.983
33316;0.9836
33418;0.9824
33529;0.9823
33629;0.9818
33729;0.9763
33829;0.9798
33929;0.9816
34029;0.9669
7488656;FAILED
