26229;START
26229;0.9
26490;0.9
26812;0.9
27228;0.9
27550;0.9
27830;0.9
28071;0.9
28392;0.9
28547;0.9
28884;0.9
29208;0.9
29512;0.9
29845;0.9
30082;0.9
30468;0.9
30568;0.9
30929;0.9
31161;0.9
31427;0.9
31607;0.9
31799;0.9
31986;0.9983
32173;0.996
32432;0.9924
32669;0.9988
32901;0.9981
33093;0.9943
33289;0.9901
33417;0.9994
33715;0.9997
34082;0.9997
34317;0.999
34469;0.9982
34873;0.9985
35188;1.0
35361;0.9999
35567;0.9993
35827;0.9986
35942;0.9981
36159;0.998
36379;0.9974
36730;0.9969
36985;0.9998
37245;0.9999
37479;0.9999
37672;0.9999
37909;0.9998
38291;0.9997
38555;0.9995
38988;0.9992
39195;0.9992
39458;0.9992
39952;0.9992
40105;0.999
40352;0.9999
40810;1.0
41098;1.0
41351;0.9999
41565;0.9999
41828;0.9999
42061;0.9998
42235;0.9998
42389;0.9998
42726;0.9997
43027;0.9997
43333;0.9996
43652;0.9995
43865;0.9995
44206;0.9995
44416;0.9999
44647;0.9999
45114;0.9999
45412;0.9999
45826;0.9999
46161;0.9999
46537;0.9999
46783;0.9999
46970;0.9999
47400;0.9999
47695;0.9999
48045;0.9997
48271;0.9997
48585;0.9997
48912;1.0
49085;1.0
49237;1.0
49428;1.0
49859;1.0
50124;1.0
50275;1.0
50507;1.0
50723;1.0
50956;0.9999
51187;0.9999
51416;0.9999
51629;0.9999
51879;0.9999
52275;0.9999
52461;0.9999
52713;0.9999
53015;0.9998
53217;1.0
53437;1.0
53781;1.0
54115;1.0
54299;1.0
54495;1.0
54680;1.0
54944;1.0
55119;0.9999
55470;0.9999
55800;0.9999
55936;0.9999
56091;0.9999
56420;0.9999
56614;0.9999
56917;0.9999
57147;0.9999
57360;0.9999
57506;1.0
57716;1.0
57916;1.0
58125;1.0
58317;1.0
58702;1.0
58857;1.0
59193;1.0
59450;1.0
59617;1.0
59717;1.0
197720;FOUND
