	| monkey	| lstar		| neural	|
-----------------------------------------
1	| 1670066	| 97593		| 117794	|
2	| 2233593	| 175167	| 257280	|
3	| 2892042	| 1370783	| 1001449	|
4	| 1669633	| 394398	| 911285	|
5	| 2193473	| 1622720	| 1021981	|
6	| 139367973	| 76491860	| 1171026	|
7	| 66143766	| 147865781	| na		|
8	| 81377366	| 100038478	| na		|
9	| 96984152	| 12241711	| 1020791	|
10	| 106129676	| 596564	| 1308517	|


	| monkey	| lstar					| neural				|
-----------------------------------------------------------------
1	| 1			| 0.058436612684768144	| 0.07053254182768824	|
2	| 1			| 0.07842386683697522	| 0.11518660740788496	|
3	| 1			| 0.473984471871432	    | 0.346277474531836	|
4	| 1			| 0.2362183785298925	| 0.5457995858970205	|
5	| 1			| 0.739794836772552	    | 0.4659191154848954	|
6	| 1			| 0.5488481919730582	| 0.008402403900930668	|
7	| 1			| 2.2355210466848834	| na					|
8	| 1			| 1.2293157534737607	| na					|
9	| 1			| 0.12622382881689784	| 0.010525338201647626	|
10	| 1			| 0.0056210856612810165	| 0.012329416703392179	|
