249685;START
249685;0.9
253659;0.9
256325;0.9
258739;0.9
260522;0.9
263400;0.9
265774;0.9
267900;0.9
270510;0.9
272470;0.9
274951;0.9
277357;0.9
278590;0.9
280058;0.9
282031;0.9
284239;0.907
286292;0.9119
289078;0.9156
291726;0.9133
293394;0.918
295410;0.9152
297870;0.9095
300457;0.9156
301757;0.9033
303579;0.9112
305234;0.914
307272;0.9183
308929;0.9216
312974;0.9226
314578;0.9204
316688;0.9184
318096;0.9147
320144;0.9167
322853;0.9198
323599;0.922
326120;0.9225
328989;0.9213
331629;0.9154
333684;0.9203
337317;0.9098
339406;0.9172
341113;0.9228
343917;0.9265
346037;0.93
348056;0.928
349311;0.9286
352727;0.9335
354476;0.9117
356629;0.9308
357987;0.9313
359662;0.9267
362846;0.9249
365427;0.9322
368287;0.9356
370433;0.9327
373510;0.9376
375872;0.9435
377739;0.9374
380400;0.9379
381995;0.942
383645;0.9426
385864;0.9439
387502;0.9405
389700;0.9418
391744;0.9419
393445;0.9445
395219;0.9455
396587;0.9424
399088;0.9267
401447;0.9453
405072;0.9074
406389;0.9417
408645;0.9427
412185;0.9442
415256;0.9473
417415;0.948
420141;0.9448
421334;0.9485
422952;0.9415
426024;0.9451
428527;0.9421
430979;0.952
433374;0.9546
436051;0.9546
438217;0.9467
441406;0.9499
443181;0.9447
445214;0.9449
447118;0.9444
448748;0.9507
450916;0.95
453787;0.9515
455887;0.9554
458101;0.941
459991;0.9533
461608;0.9548
463731;0.9586
465539;0.9483
467657;0.9472
469135;0.9591
473194;0.9544
475573;0.9599
477496;0.9598
480721;0.956
481827;0.9533
485620;0.9515
488293;0.9615
489874;0.9612
491733;0.9568
494338;0.9616
496871;0.963
499543;0.957
501554;0.9652
504074;0.966
506823;0.9646
510398;0.9642
512053;0.9503
513929;0.9439
515342;0.9575
517937;0.9611
519948;0.9665
522949;0.955
525640;0.9596
528441;0.9442
531209;0.9563
532914;0.9633
535585;0.9646
537284;0.9676
539959;0.9676
542533;0.9698
544285;0.9579
546551;0.9654
547985;0.9682
550276;0.954
553384;0.9693
557536;0.961
559295;0.949
561017;0.969
562306;0.956
564668;0.9536
566149;0.9567
568754;0.9642
570670;0.9528
571588;0.9522
574601;0.9497
576484;0.9555
579636;0.9599
581299;0.96
583264;0.9668
585903;0.9715
589027;0.9707
590391;0.9723
592263;0.9699
594443;0.9684
595389;0.9685
597770;0.9602
600931;0.966
602444;0.9741
604462;0.9672
606196;0.9701
607999;0.9659
609098;0.9684
611069;0.9706
613391;0.9732
615179;0.9632
618183;0.9619
621008;0.9676
624133;0.967
627109;0.9693
628606;0.9681
631324;0.9737
635006;0.9656
638007;0.9735
639619;0.9645
641795;0.9639
645204;0.9665
646682;0.9702
647894;0.9732
650321;0.973
652075;0.9726
655025;0.967
658139;0.9628
659754;0.9674
662981;0.9739
666869;0.9706
668795;0.9676
671270;0.9686
674006;0.9731
676618;0.9645
679075;0.9623
680975;0.9737
682845;0.974
685213;0.9702
687752;0.9699
690295;0.9648
692040;0.9677
695399;0.9716
697320;0.9741
700082;0.9625
704006;0.9723
707436;0.9723
708990;0.9729
711517;0.9727
714507;0.9697
716127;0.9711
717712;0.9694
720476;0.9688
722371;0.9672
725526;0.9698
727899;0.974
729597;0.9735
732069;0.9762
733398;0.9732
736049;0.9753
738385;0.9732
740946;0.9717
742503;0.9775
743930;0.9754
746492;0.9762
748884;0.9757
751246;0.9772
752759;0.973
754915;0.9755
757068;0.9746
760502;0.9627
761444;0.98
763101;0.9712
765637;0.9706
767990;0.9786
769019;0.9803
770394;0.9647
772082;0.9644
776666;0.9742
779010;0.9736
781400;0.9703
784934;0.9654
787679;0.9724
789632;0.9748
790863;0.9716
794477;0.9551
797669;0.9584
799446;0.963
801691;0.9748
803672;0.9708
804900;0.9705
806712;0.9708
810007;0.9661
812123;0.9652
815796;0.9653
818867;0.9726
822676;0.9761
825152;0.9758
826902;0.9732
828960;0.97
830541;0.9659
832983;0.9664
836802;0.9736
838643;0.9739
840205;0.9713
844530;0.9748
847529;0.9787
849364;0.975
851682;0.9694
853894;0.9687
856614;0.9714
858760;0.977
861776;0.974
864125;0.971
866177;0.979
870100;0.9774
873698;0.9778
876601;0.9697
878856;0.9668
880512;0.9718
882301;0.9737
884635;0.9669
889246;0.9776
891420;0.9707
893839;0.9737
896433;0.9779
898780;0.9706
901277;0.9806
903823;0.9792
905769;0.979
907465;0.9779
909863;0.9788
911925;0.9794
914861;0.9802
917804;0.9829
921318;0.9791
924471;0.9775
926862;0.9802
929837;0.9792
932614;0.9815
935684;0.9841
936926;0.9848
939332;0.9834
942069;0.9817
944498;0.9813
946985;0.9779
950322;0.9784
952655;0.9612
955146;0.9761
957473;0.9823
959315;0.9819
960927;0.9779
962287;0.9788
965688;0.9804
967842;0.978
971499;0.9768
975227;0.9791
977847;0.9793
979595;0.9764
981979;0.9788
984950;0.9763
986536;0.9801
990699;0.9822
993784;0.9814
995149;0.9795
998452;0.9801
1000656;0.9783
1003323;0.9781
1004468;0.9796
1006480;0.9807
1009164;0.9808
1013544;0.9803
1016082;0.9763
1017038;0.9761
1018440;0.9803
1021894;0.9797
1024732;0.9785
1027364;0.9788
1029926;0.9804
1032302;0.9802
1034797;0.9803
1036434;0.9807
1037865;0.9822
1040306;0.9803
1041574;0.978
1044197;0.9798
1045761;0.9733
1047978;0.9812
1049536;0.9779
1053576;0.9792
1055750;0.976
1057622;0.9772
1059725;0.9777
1062553;0.9724
1066569;0.968
1068453;0.9761
1070549;0.9682
1073414;0.982
1076122;0.9729
1078716;0.9784
1081790;0.982
1083741;0.9804
1086679;0.98
1089610;0.98
1090885;0.9813
1094457;0.9696
1095524;0.9804
1097239;0.9833
1099753;0.9834
1104206;0.9813
1105638;0.9791
1106840;0.9752
1109144;0.9771
1113540;0.9803
1115213;0.9834
1118327;0.9829
1120479;0.9838
1123010;0.9829
1126747;0.9833
1127921;0.9842
1129555;0.9839
1131515;0.9826
1135995;0.9836
1138828;0.9838
1141812;0.9816
1144301;0.9803
1148084;0.9775
1150402;0.9807
1153158;0.9804
1156548;0.9834
1159171;0.9832
1161215;0.9816
1162654;0.982
1165162;0.983
1166830;0.9835
1169741;0.9839
1172053;0.984
1174038;0.9847
1177378;0.985
1179906;0.9838
1181909;0.9838
1186130;0.9837
1188763;0.9837
1190858;0.9843
1192976;0.9823
1196086;0.9794
1198188;0.9754
1201361;0.9762
1521521;FAILED
