242118;START
242118;0.9
244379;0.9
249222;0.9
251262;0.9
253237;0.9
256036;0.9
258296;0.9
261585;0.9
263795;0.9
266739;0.9
269497;0.9
271602;0.9
273563;0.9
275975;0.9
278869;0.9
281204;0.9
284374;0.9
287754;0.9015
289496;0.9112
292568;0.9109
294519;0.9137
296642;0.9157
298865;0.9149
301563;0.9192
303244;0.9218
304778;0.9181
306899;0.927
308813;0.9222
310843;0.9271
312287;0.9262
315011;0.9211
317225;0.9284
319879;0.9281
322523;0.9268
324512;0.9301
326179;0.9226
329170;0.9088
330800;0.9163
332722;0.9176
334640;0.9317
336747;0.9322
340196;0.9309
343505;0.912
346057;0.9359
349232;0.9269
351988;0.9432
354658;0.9381
357267;0.9425
359226;0.942
362935;0.9329
364604;0.9418
366531;0.9423
369684;0.9429
373104;0.9349
374772;0.9426
376420;0.9456
379640;0.9467
381068;0.9495
383239;0.9456
386986;0.9513
389220;0.9511
390660;0.9463
393612;0.9506
395472;0.9517
398370;0.9514
401367;0.9494
405115;0.9511
407961;0.9558
410420;0.9481
413047;0.9554
415572;0.9445
418080;0.9554
420951;0.9504
422999;0.9581
425855;0.9394
428326;0.9549
431735;0.9568
433802;0.9589
436235;0.9569
439427;0.9606
441212;0.9635
444720;0.9613
447571;0.9608
449221;0.9585
450955;0.9608
453591;0.9612
456850;0.9561
459661;0.9567
461864;0.9593
464448;0.9653
467055;0.9628
469944;0.9558
471635;0.9615
474346;0.962
476100;0.9627
477562;0.9492
480976;0.9579
483039;0.9589
486375;0.9528
488850;0.9635
490203;0.9585
491629;0.9645
495462;0.9643
498887;0.9651
501546;0.9611
504965;0.9562
507151;0.9534
509132;0.9633
511514;0.9592
513633;0.9607
516507;0.9644
518124;0.9521
520498;0.9666
522697;0.9677
527025;0.9682
529360;0.9691
531497;0.966
534025;0.9671
536093;0.9639
539400;0.9649
542120;0.9604
543900;0.9339
547046;0.9599
548166;0.9665
549644;0.9668
551775;0.9626
552825;0.9637
555714;0.9652
557868;0.9592
559882;0.966
562514;0.969
565594;0.9675
568747;0.9667
571852;0.9617
575291;0.9455
578132;0.9669
580698;0.9626
582837;0.9668
586386;0.9658
588039;0.9689
590083;0.968
593326;0.9713
596352;0.9664
599402;0.9599
601230;0.968
602653;0.9675
604091;0.9676
606020;0.9665
608349;0.9669
610301;0.9638
612329;0.9552
614538;0.9705
617268;0.9676
620116;0.9693
622473;0.9706
624981;0.9679
627623;0.9696
629528;0.9681
632801;0.9698
634927;0.9686
638240;0.9701
639939;0.9563
641727;0.971
643731;0.9726
645683;0.9725
647740;0.9723
649879;0.9702
652051;0.9708
654534;0.9681
656122;0.9621
659832;0.9682
662396;0.97
665037;0.9665
668202;0.9643
669388;0.9562
671700;0.9578
674629;0.9676
677505;0.9693
679357;0.9673
682302;0.9691
684552;0.9703
687053;0.9718
688831;0.9725
693046;0.9721
694364;0.9727
696339;0.9722
698258;0.9694
701190;0.9714
704009;0.9716
705421;0.9712
707687;0.971
710264;0.97
712432;0.9711
714609;0.9695
717387;0.9705
719788;0.9684
721890;0.9673
725018;0.9711
727980;0.968
730332;0.9667
731697;0.969
733076;0.9732
736429;0.9729
739382;0.9727
741649;0.973
744508;0.9735
747029;0.9739
749139;0.974
750662;0.9743
752238;0.9736
754612;0.975
757409;0.9747
760529;0.9743
762698;0.9736
764708;0.9731
767324;0.9712
771100;0.9703
774272;0.9733
776583;0.9706
779642;0.9753
782382;0.9765
785057;0.9737
787366;0.9695
790665;0.9725
792486;0.9668
795584;0.9743
797213;0.9719
798586;0.9712
800722;0.971
802572;0.9725
804414;0.9734
806855;0.9699
810383;0.9655
812370;0.9756
815136;0.9721
818287;0.9725
820338;0.9699
823813;0.9701
827017;0.9719
828933;0.9746
830998;0.972
833291;0.9754
835477;0.973
838631;0.9748
840825;0.9727
844561;0.9733
847870;0.9746
850125;0.974
851509;0.9685
853608;0.9757
855407;0.9717
857359;0.9721
861521;0.9723
865404;0.9717
868412;0.9725
872186;0.9678
873418;0.9721
876506;0.9754
878995;0.9745
880761;0.9639
883940;0.9764
885821;0.9735
887413;0.9726
889486;0.9702
891116;0.975
893228;0.9758
895707;0.9741
897652;0.9782
900231;0.9794
901435;0.9798
903918;0.9776
906214;0.981
908830;0.9747
911824;0.9799
913793;0.9804
915880;0.9795
918834;0.9778
921533;0.9794
925467;0.9775
927422;0.9741
931132;0.9731
933486;0.9776
934880;0.9789
936368;0.9728
937993;0.9755
941268;0.9712
942781;0.9659
944847;0.9736
948433;0.9768
949879;0.9775
952409;0.9779
956837;0.9782
959100;0.978
961483;0.977
963362;0.9795
965396;0.9796
967563;0.973
971460;0.9776
973282;0.9771
975043;0.9767
978286;0.9776
980625;0.976
982191;0.9747
983581;0.9797
985333;0.9817
988538;0.9782
991737;0.9721
994153;0.9744
998660;0.9794
1000853;0.9807
1002468;0.9795
1004901;0.9728
1006348;0.9721
1008560;0.975
1013257;0.9769
1014547;0.9805
1017414;0.9802
1019691;0.9789
1021456;0.9796
1023865;0.9787
1025867;0.978
1027496;0.9813
1028406;0.9762
1031641;0.9802
1034133;0.98
1036233;0.9797
1038185;0.9728
1041421;0.9756
1043618;0.9763
1046086;0.9788
1048655;0.9795
1051996;0.9787
1054163;0.9811
1057496;0.973
1059510;0.9775
1061612;0.9814
1063611;0.9763
1065679;0.9752
1069112;0.971
1072414;0.9809
1074494;0.9801
1077232;0.9816
1079106;0.9781
1081226;0.9776
1083364;0.9797
1085790;0.9746
1087877;0.9727
1090720;0.9761
1092358;0.9786
1095141;0.9748
1096630;0.9759
1099808;0.9839
1101962;0.983
1103552;0.9846
1107808;0.9846
1109388;0.9822
1111657;0.9832
1113558;0.9821
1114828;0.979
1117411;0.9794
1120322;0.9813
1123705;0.9865
1124884;0.9854
1127486;0.9845
1130247;0.9826
1131287;0.9828
1135322;0.9828
1137714;0.984
1140103;0.9829
1142666;0.9819
1144811;0.9797
1147506;0.9832
1150456;0.9829
1153702;0.9802
1157514;0.9801
1160201;0.9813
1162814;0.9824
1165095;0.9827
1167886;0.9824
1170187;0.9814
1173649;0.9832
1176511;0.9796
1179096;0.9722
1251453;FAILED
