243097;START
243097;0.9
244460;0.9
245749;0.9
249119;0.9
250802;0.9
253920;0.9
256011;0.9
257779;0.9
260207;0.9
263471;0.9
265980;0.9
268573;0.9
270594;0.9
272781;0.9
275577;0.9
277859;0.9
280280;0.9
282399;0.9
284611;0.9
286626;0.9042
289534;0.9015
292989;0.906
294762;0.9124
296497;0.9121
299516;0.9134
301531;0.9067
303807;0.9098
306660;0.9126
309485;0.9123
312509;0.9162
314858;0.9139
316759;0.9171
318932;0.9205
321182;0.9199
323896;0.9209
326153;0.9238
327675;0.9233
330277;0.9245
333324;0.9223
334972;0.9065
336191;0.9259
339229;0.9278
342393;0.9287
345510;0.9304
347948;0.9336
351684;0.9343
353453;0.9302
354983;0.9304
357424;0.9391
358994;0.9347
361828;0.9344
363831;0.9396
366545;0.9226
369681;0.9377
372794;0.9353
374884;0.9371
377510;0.9417
380074;0.943
381926;0.9434
383247;0.9339
386961;0.9382
389985;0.9407
391824;0.9377
396600;0.9347
399263;0.9458
401566;0.9366
404676;0.9395
407251;0.9312
409837;0.942
411126;0.9434
414318;0.9353
417336;0.944
419345;0.9443
421533;0.9422
423391;0.9456
425543;0.9439
427474;0.9484
430920;0.9402
432630;0.9494
434864;0.9472
436565;0.9461
438993;0.9521
441507;0.9509
443657;0.9474
445817;0.9477
448485;0.9477
450722;0.9496
452736;0.9494
457982;0.9469
459683;0.9506
462410;0.9443
464734;0.9523
466939;0.9441
469209;0.9446
472168;0.9505
475163;0.9502
478465;0.9456
481029;0.9426
483095;0.9497
484663;0.9333
487562;0.9463
490076;0.94
492029;0.9493
494824;0.949
495905;0.9498
498320;0.9513
501134;0.9503
503818;0.9497
505736;0.952
506639;0.9504
509426;0.954
510898;0.9469
513545;0.9563
515919;0.9592
518221;0.9614
520557;0.9422
523546;0.9521
526508;0.9558
528047;0.9605
530374;0.9568
532102;0.9547
535446;0.9573
537672;0.9467
541972;0.9635
545650;0.9617
549443;0.9616
552445;0.9644
554511;0.9632
556422;0.9647
558647;0.963
560265;0.9611
562787;0.9549
564719;0.9524
566287;0.9548
568291;0.959
571967;0.9583
574799;0.9616
576754;0.9579
578897;0.9637
580742;0.965
582878;0.9627
585936;0.9496
588539;0.9537
592036;0.9544
593961;0.955
596244;0.9577
598136;0.9467
600657;0.9657
603084;0.9653
605372;0.9547
607781;0.9626
610592;0.9653
613026;0.9497
615499;0.9665
617781;0.9639
619236;0.9673
622631;0.9694
625653;0.9684
628763;0.9664
631066;0.9689
633911;0.9641
636178;0.9699
637607;0.9683
639035;0.9707
641452;0.9656
643255;0.9624
645600;0.9589
647377;0.9703
648996;0.9722
652098;0.9717
653820;0.9718
656955;0.9727
658335;0.9733
659769;0.9613
662469;0.9638
664542;0.9616
666854;0.9696
668838;0.9707
671584;0.9731
675177;0.9729
677964;0.9734
680448;0.9722
682397;0.9625
685526;0.9703
688120;0.9697
690784;0.9705
694132;0.9686
696266;0.971
699154;0.9701
701175;0.9718
705001;0.9719
707438;0.9713
710431;0.972
712044;0.9726
714440;0.9723
716318;0.9747
719416;0.9686
721882;0.964
723827;0.9663
726309;0.9663
728272;0.9649
731512;0.9676
734341;0.966
737475;0.9677
739136;0.9657
740844;0.9656
742836;0.9687
746163;0.9675
747807;0.9697
750111;0.9713
753099;0.9691
755877;0.9671
757317;0.967
759163;0.9697
761600;0.9667
763869;0.9731
765874;0.9706
768078;0.9707
773832;0.9747
776757;0.9735
778288;0.9672
782671;0.968
785022;0.968
789282;0.9727
792809;0.9701
794111;0.9737
796012;0.9717
797646;0.9756
798911;0.9678
799893;0.9748
803079;0.9754
806824;0.9743
809817;0.9747
812113;0.9702
815188;0.9671
817603;0.9698
819223;0.9709
821555;0.9713
822867;0.9695
825233;0.965
827126;0.9651
829076;0.9663
830812;0.9733
833302;0.9763
835559;0.9764
837034;0.9762
841685;0.9736
843809;0.974
846285;0.9653
848370;0.9651
850486;0.9646
852852;0.9634
855167;0.971
857493;0.9594
860299;0.9575
862833;0.9697
866655;0.9733
868491;0.9745
870410;0.9635
872376;0.9725
874974;0.9738
876473;0.9682
878474;0.9669
880588;0.9647
884334;0.9653
886820;0.969
890023;0.9659
892836;0.9721
894581;0.9723
897617;0.9729
901027;0.9764
902412;0.9749
905614;0.9691
907306;0.9729
909081;0.9763
912201;0.9743
914467;0.9696
916558;0.9737
918968;0.9767
920563;0.9743
924011;0.9765
926303;0.9713
928847;0.9708
932345;0.9682
933570;0.9739
935918;0.9736
941566;0.9716
943573;0.9732
945869;0.9769
948585;0.9727
950529;0.9712
952819;0.9708
954846;0.9739
956901;0.9755
959355;0.9792
961729;0.9757
963099;0.9724
965760;0.9771
969848;0.9735
972069;0.9778
973772;0.9773
976052;0.9785
978257;0.9731
980025;0.9736
982230;0.9756
984284;0.973
985926;0.9713
987901;0.974
991976;0.9759
994734;0.978
996854;0.9767
1001507;0.9739
1003936;0.9768
1005644;0.9767
1008213;0.976
1010346;0.9749
1014699;0.9724
1016113;0.9691
1017933;0.9763
1022641;0.9729
1024080;0.9733
1025777;0.9756
1027593;0.9773
1029771;0.9755
1031699;0.9728
1034771;0.9767
1035698;0.976
1039196;0.9723
1040311;0.9689
1042079;0.9724
1044317;0.9718
1047141;0.9697
1049010;0.972
1050582;0.9713
1053022;0.9741
1054492;0.9737
1057428;0.9759
1059895;0.9767
1062654;0.9784
1065836;0.9789
1068159;0.9795
1069695;0.9722
1071674;0.9706
1073457;0.9731
1075362;0.968
1078682;0.9624
1080380;0.9744
1082903;0.9763
1084307;0.9804
1086954;0.978
1088917;0.9741
1091129;0.9741
1092661;0.9815
1095784;0.9817
1098818;0.9773
1100940;0.974
1103734;0.9735
1106356;0.9792
1108662;0.979
1110613;0.98
1113968;0.9805
1115854;0.9789
1117755;0.9776
1120109;0.981
1122208;0.9823
1124768;0.9805
1127210;0.9781
1131129;0.9806
1131805;0.9819
1135035;0.9805
1137661;0.9794
1142150;0.9781
1144577;0.9819
1146802;0.9716
1149812;0.9786
1152260;0.9822
1156269;0.9832
1158820;0.9822
1161529;0.9824
1163975;0.9831
1166321;0.9806
1168397;0.9771
1170262;0.9745
1172693;0.9821
1174057;0.9799
1177535;0.9803
1179823;0.9801
1182305;0.9836
1185175;0.9827
1188309;0.9821
1190763;0.9789
1192133;0.981
1194406;0.9822
1198267;0.9826
1200494;0.9829
1203158;0.981
1204979;0.9828
1207224;0.9773
1209971;0.9782
1212822;0.9778
1215742;0.9785
1217672;0.9749
1219675;0.979
1223673;0.9818
1226724;0.9798
1229270;0.9828
1231388;0.9833
1233343;0.9825
1235117;0.9818
1238981;0.9804
1241648;0.9791
1245754;0.9798
1251427;0.9667
1253321;0.9835
1255998;0.9841
1259033;0.9828
1261414;0.9832
1263472;0.9822
1265768;0.9841
1269809;0.985
1272337;0.9806
1275169;0.985
1278397;0.9841
1280715;0.9853
1283226;0.981
1284627;0.985
1287545;0.9769
1288753;0.9708
1292720;0.9833
1295349;0.9837
1296890;0.985
1298868;0.9833
1301889;0.9859
1304060;0.9794
1307201;0.9844
1308663;0.9793
1310826;0.9819
1312910;0.9791
1314453;0.983
1317005;0.9807
1318459;0.9823
1320620;0.9819
1323720;0.9822
1327067;0.9838
1330418;0.9809
1333113;0.9852
1334726;0.9825
1336578;0.9847
1339823;0.9862
1342151;0.9849
1344303;0.9844
1347484;0.9829
1349139;0.9843
1350541;0.9807
1352415;0.9812
1354639;0.9841
1356571;0.9827
1358666;0.9857
1362002;0.9853
1364446;0.9802
1366578;0.9844
1369333;0.9827
1372819;0.9841
1375457;0.9761
1379474;0.9789
1381956;0.9794
1383691;0.9787
1386918;0.9801
1390395;0.9848
1392780;0.9759
1394035;0.9803
1396601;0.9837
1398584;0.9844
1401320;0.9865
1404812;0.9865
1408788;0.9871
1411211;0.9833
1413777;0.9844
1416350;0.9836
1418661;0.9843
1420841;0.9836
1424170;0.9839
1426296;0.9813
1427626;0.9806
1429299;0.9858
1432467;0.9843
1437350;0.9835
1439587;0.9824
1441390;0.9838
1443734;0.9793
1446058;0.9793
1447973;0.981
1451153;0.9821
1453826;0.9779
1456119;0.9837
1458368;0.9814
1460144;0.9812
1463529;0.9819
1466130;0.983
1470635;0.9826
1472955;0.9848
1474195;0.9834
1475678;0.9818
1477947;0.9835
1480219;0.9832
1483211;0.9841
1486467;0.9827
1488582;0.9832
1490971;0.9686
1492778;0.9854
1495707;0.9855
1499006;0.9815
1501881;0.9836
1503933;0.9848
1506066;0.9856
1510226;0.9775
1512112;0.9824
1759420;FAILED
