238620;START
238620;0.9
240387;0.9
241704;0.9
243280;0.9
245923;0.9
247807;0.9
249018;0.9
250871;0.9
255016;0.9
257672;0.9
260464;0.9
262743;0.9
265050;0.9
266637;0.9
269084;0.9
272115;0.9
273717;0.9
275789;0.9
279103;0.9
280952;0.9
282965;0.908
284963;0.9079
286988;0.9111
290760;0.9151
292749;0.911
294747;0.915
296948;0.9069
300289;0.9018
302686;0.9089
305284;0.9108
308953;0.9109
310588;0.9142
314278;0.9159
317072;0.9169
319293;0.9186
320955;0.9197
323465;0.9175
326511;0.9055
329417;0.918
331218;0.9208
333059;0.9238
335030;0.9132
338140;0.9155
340028;0.9187
342495;0.9223
346933;0.9203
349361;0.9207
351627;0.9108
353643;0.9197
356761;0.9189
357889;0.9188
360717;0.9188
362510;0.9222
365114;0.9221
366920;0.9255
369040;0.9244
371620;0.9196
373146;0.9258
376876;0.9253
379560;0.9149
383533;0.9192
385282;0.9187
387867;0.9201
390626;0.9226
393128;0.914
395092;0.9219
397319;0.9203
400373;0.9244
402086;0.9258
405180;0.9131
407279;0.9215
409936;0.9273
411830;0.9316
413898;0.9316
416767;0.9331
420534;0.9375
422566;0.9143
425289;0.9312
427674;0.9267
430629;0.9173
432749;0.931
433837;0.9356
437609;0.9352
441026;0.9232
443796;0.9418
445428;0.9387
448125;0.9379
450331;0.9451
452326;0.9452
454568;0.9457
456104;0.9434
458239;0.9479
461630;0.9435
465735;0.9101
467633;0.9296
469727;0.9241
472555;0.9448
474922;0.9478
476438;0.9519
479975;0.9552
483338;0.9417
487346;0.9537
489796;0.9523
492681;0.9477
495112;0.9432
497913;0.9564
500109;0.9508
502373;0.9489
504251;0.9381
506957;0.943
510970;0.9446
513092;0.9323
516085;0.951
517992;0.9552
520027;0.955
523036;0.9601
524935;0.9642
527542;0.9591
530339;0.9535
534583;0.9619
537250;0.9622
539745;0.96
542123;0.9618
544392;0.9665
546831;0.9663
549537;0.9641
551302;0.9634
554938;0.9595
557688;0.9641
560137;0.9631
563844;0.9624
567362;0.9579
569533;0.9552
572263;0.9537
575635;0.9528
578964;0.9442
583090;0.9536
584893;0.9544
586440;0.9655
588271;0.966
590695;0.9648
593921;0.9658
596986;0.9567
600450;0.967
602167;0.9639
603832;0.9658
606502;0.9655
608216;0.9696
610706;0.969
613809;0.9664
617584;0.9696
619500;0.9668
623163;0.9654
624310;0.9655
626232;0.9689
629901;0.9669
632704;0.9673
635639;0.9693
637740;0.9676
639770;0.9621
641854;0.9674
643851;0.9656
645615;0.9665
647812;0.9657
650584;0.9675
652797;0.9675
655306;0.9596
658976;0.9684
661033;0.969
663646;0.9692
665981;0.9667
668052;0.9698
670962;0.9646
673354;0.972
675919;0.9711
677885;0.971
679695;0.9668
683000;0.9702
684756;0.9662
687160;0.9707
689081;0.9669
691549;0.9677
693280;0.9683
695753;0.9698
698300;0.9718
700127;0.9712
702298;0.9717
704507;0.9695
706076;0.9694
708059;0.9712
709866;0.9698
712501;0.9679
715197;0.9629
717085;0.955
719652;0.9621
723514;0.9695
725519;0.9712
728408;0.9718
730523;0.9708
732387;0.9735
735669;0.9672
738383;0.9715
740488;0.9734
744671;0.9727
746779;0.9723
749429;0.9611
751388;0.9665
753764;0.9698
755301;0.9718
757570;0.9711
759538;0.9687
762541;0.9695
764986;0.9723
767556;0.9689
769995;0.9709
772373;0.9736
774589;0.9733
777188;0.9719
779613;0.9653
782016;0.9681
783505;0.9648
787019;0.9637
788302;0.9663
790205;0.967
792325;0.9642
794904;0.965
799821;0.9703
802390;0.9693
804560;0.9633
806781;0.9613
809266;0.9693
812423;0.9699
813711;0.9615
815726;0.9655
817811;0.9653
820451;0.9663
823291;0.9726
826179;0.9748
829647;0.9743
831758;0.9754
833310;0.9757
836367;0.9719
839834;0.9711
841336;0.9687
844145;0.9625
848581;0.9745
850548;0.9735
852071;0.9759
854503;0.9767
857890;0.9765
861264;0.971
864456;0.9665
866558;0.9679
867824;0.9682
870215;0.9684
871843;0.9639
875052;0.9598
878193;0.9624
881308;0.9618
883686;0.971
885751;0.9726
887960;0.9743
891135;0.973
893586;0.9766
897131;0.9729
899468;0.9649
901357;0.9769
904157;0.9759
906297;0.9686
908721;0.9698
910801;0.9687
915358;0.9737
917614;0.975
919154;0.9771
921230;0.9772
923602;0.9774
926377;0.9732
928250;0.9731
931763;0.9722
933725;0.9679
935095;0.9697
937341;0.9696
939187;0.9671
941170;0.9729
942029;0.9768
943380;0.9769
944711;0.975
946415;0.9726
947825;0.9708
951762;0.9732
954488;0.9696
956681;0.9767
958622;0.9736
962086;0.979
963088;0.9728
966001;0.9739
968122;0.974
970285;0.9752
974106;0.9766
977196;0.9687
978409;0.9725
980918;0.975
982381;0.9755
983869;0.9758
986720;0.9773
989819;0.9788
992394;0.9779
995114;0.9775
996421;0.9781
997545;0.9792
1000241;0.9809
1002669;0.9813
1006128;0.9796
1008338;0.9751
1010200;0.9773
1012555;0.9808
1014491;0.9808
1016926;0.9738
1019363;0.9777
1020704;0.9784
1022694;0.9778
1023929;0.9791
1025646;0.9734
1027203;0.9787
1029033;0.9784
1031562;0.9752
1033602;0.9782
1036299;0.9735
1039263;0.9775
1041624;0.9832
1045320;0.977
1048918;0.9806
1051094;0.9808
1053124;0.9796
1055127;0.9785
1056867;0.9776
1058541;0.9768
1061283;0.9791
1064321;0.9797
1067038;0.9817
1070707;0.979
1072363;0.9787
1075262;0.978
1076558;0.9757
1078946;0.9803
1080586;0.9706
1082648;0.9685
1088320;0.9791
1090017;0.9791
1093937;0.9807
1096782;0.9795
1098992;0.98
1100742;0.9791
1104034;0.9821
1106321;0.9815
1108332;0.9792
1110745;0.9778
1112151;0.9789
1114811;0.9795
1116165;0.9812
1118578;0.9811
1121117;0.9789
1123794;0.9797
1125887;0.9832
1128435;0.9805
1131212;0.9767
1132665;0.9792
1134167;0.9813
1136376;0.9811
1137820;0.9764
1139086;0.9803
1141938;0.9806
1143494;0.9812
1145338;0.9759
1148017;0.9784
1150425;0.9744
1152540;0.9711
1154028;0.9724
1158811;0.9745
1160617;0.9749
1163254;0.978
1164602;0.9765
1167829;0.9795
1170587;0.98
1172538;0.9781
1174172;0.9813
1178345;0.984
1180260;0.9842
1182597;0.9837
1185591;0.984
1188094;0.9851
1190149;0.9826
1192892;0.9826
1194219;0.9771
1196791;0.9803
1199965;0.9799
1201709;0.9789
1203127;0.9815
1206129;0.982
1208815;0.9842
1211441;0.9845
1213536;0.9843
1216460;0.9862
1218854;0.9858
1221475;0.984
1223515;0.9819
1227880;0.9827
1229119;0.9831
1232232;0.984
1234557;0.9822
1237869;0.9819
1239886;0.9831
1242820;0.9814
1245578;0.9797
1248287;0.9804
1249043;0.9819
1251567;0.9833
1255444;0.9838
1258003;0.9812
1260284;0.9787
1262399;0.983
1263824;0.9818
1266841;0.9809
1269139;0.9823
1270815;0.9824
1274153;0.9828
1277586;0.9824
1279703;0.9835
1281370;0.9831
1284155;0.9808
1286577;0.9792
1288482;0.9807
1290899;0.9817
1292545;0.9804
1294126;0.9805
1296402;0.9813
1298417;0.9813
1300517;0.9807
1303612;0.9788
1304912;0.9757
1681428;FAILED
