247837;START
247837;0.9
250231;0.9
252223;0.9
255926;0.9
257546;0.9
261257;0.9
264531;0.9
266619;0.9
268640;0.9
270800;0.9
273108;0.9
275128;0.9
277080;0.9
280032;0.9
281738;0.9019
284737;0.9078
286543;0.9098
289335;0.91
292038;0.9125
294483;0.9133
298061;0.9134
300029;0.9152
301348;0.9153
304040;0.9049
307978;0.8945
310466;0.9123
313472;0.9148
317035;0.9125
318980;0.9172
320671;0.9135
323538;0.9129
326660;0.91
329746;0.9152
332613;0.9184
335321;0.9176
338479;0.9178
341485;0.9134
346180;0.915
349018;0.9167
350604;0.9185
352972;0.9178
355429;0.918
356728;0.9116
359068;0.9191
361984;0.9162
363771;0.914
364990;0.9119
366335;0.9162
368566;0.919
370614;0.9133
373822;0.914
375489;0.9214
377752;0.9218
381610;0.9212
386079;0.9218
387639;0.922
390009;0.9204
392166;0.9265
394756;0.9264
397922;0.9228
400172;0.9231
403099;0.9225
405453;0.9253
407169;0.9266
409131;0.9281
410705;0.9314
413048;0.9316
415170;0.9352
418028;0.9328
420016;0.9157
422155;0.9316
425348;0.9359
429598;0.939
432694;0.9362
434634;0.94
437555;0.9314
438800;0.9338
440460;0.9344
443027;0.9344
445240;0.936
447339;0.9365
449841;0.9237
452427;0.927
454538;0.9259
456936;0.9331
458331;0.9416
460345;0.9343
462823;0.9427
464858;0.9409
466976;0.9374
468642;0.9282
470944;0.9274
472426;0.9351
475084;0.9402
478857;0.9437
481353;0.9433
483751;0.9419
485872;0.9442
488270;0.9462
489889;0.9468
492595;0.9448
495953;0.9472
497085;0.9455
499024;0.9438
500821;0.9457
503686;0.9441
505081;0.9465
507859;0.9483
510206;0.9455
511676;0.9439
513492;0.9381
516146;0.9411
519051;0.9404
522884;0.9372
526217;0.9491
527898;0.9474
531637;0.9502
533210;0.9458
535482;0.9479
538103;0.954
539814;0.9532
541684;0.9529
544579;0.9521
545651;0.9522
548473;0.948
551383;0.9505
553035;0.9563
556323;0.9593
558498;0.9575
563334;0.9584
567231;0.9569
569743;0.9558
572737;0.9596
575401;0.9619
578235;0.962
579042;0.9601
579904;0.9588
581320;0.9595
584196;0.9617
588621;0.9577
594097;0.9568
596881;0.9468
598589;0.9637
599881;0.9629
602655;0.9561
605327;0.9578
607699;0.9645
610501;0.9648
613624;0.9607
615192;0.96
618727;0.9574
622157;0.9665
624540;0.968
627854;0.9632
630375;0.9623
632761;0.9621
634149;0.9589
636082;0.9615
638533;0.9589
639579;0.9638
642586;0.9677
644369;0.968
645998;0.9672
648242;0.9659
651159;0.9665
653338;0.9676
655219;0.9688
656993;0.9592
659295;0.967
661766;0.9683
663821;0.9662
666849;0.9623
669217;0.9654
672475;0.9647
674185;0.9687
678440;0.9471
680838;0.9681
683443;0.9667
685818;0.9706
687664;0.9682
690669;0.9643
693706;0.9703
696038;0.9703
697623;0.9648
701538;0.9634
706109;0.9582
707780;0.968
709224;0.9582
711720;0.969
715725;0.9676
718115;0.9714
720673;0.9666
722936;0.9723
725790;0.9738
728995;0.9725
731556;0.973
733655;0.973
735653;0.9677
737737;0.9692
740326;0.962
742914;0.9676
744653;0.9722
747302;0.9665
750432;0.9699
752255;0.9725
755540;0.9728
758580;0.9704
760134;0.9718
762536;0.9728
763688;0.9666
764851;0.973
766466;0.9729
769918;0.9733
773528;0.9589
776516;0.9485
778607;0.9718
780102;0.9699
782036;0.9681
784000;0.9655
786089;0.97
788498;0.9746
789916;0.975
792577;0.9752
794800;0.9754
796541;0.9743
799722;0.971
802488;0.9654
804632;0.9727
807222;0.9731
809852;0.9719
812247;0.9735
813843;0.9735
815613;0.9734
817567;0.9728
820143;0.9745
822385;0.9682
824518;0.9755
826269;0.976
828631;0.9758
832440;0.9759
834990;0.9769
838200;0.9752
840112;0.9733
841788;0.9687
846174;0.9741
848713;0.9723
851656;0.9682
854094;0.9695
856441;0.975
858568;0.9766
861571;0.9784
864279;0.9695
866339;0.9746
869544;0.9771
871957;0.9747
873791;0.9734
876433;0.9653
877885;0.9763
880502;0.9771
883522;0.9748
885893;0.9768
889283;0.975
892853;0.9716
894298;0.9743
896271;0.9762
898365;0.9773
900404;0.9764
902877;0.9785
905121;0.9786
906790;0.974
910447;0.9768
914852;0.9765
917020;0.9735
920074;0.9722
922024;0.9769
924098;0.9765
925501;0.9785
927582;0.9778
929401;0.969
931799;0.9717
934763;0.9715
937233;0.9699
939078;0.9689
942804;0.9695
944429;0.9694
947175;0.9729
949205;0.9709
952449;0.9733
954985;0.9702
957192;0.9762
958942;0.9743
960987;0.9722
962737;0.9715
964387;0.9741
968066;0.9737
969941;0.9767
972347;0.9785
973972;0.9753
975139;0.9773
977786;0.9767
979037;0.9759
981834;0.9741
984687;0.9771
988844;0.9771
992662;0.9778
995297;0.9763
996724;0.9761
998366;0.9762
1000453;0.9751
1003370;0.9742
1004474;0.966
1006274;0.979
1008733;0.9761
1012009;0.9744
1016193;0.9707
1018786;0.9709
1021568;0.9778
1024311;0.9766
1026842;0.9761
1028162;0.9747
1029959;0.9737
1031335;0.9744
1035399;0.9757
1038048;0.9764
1041851;0.9772
1044873;0.9753
1049325;0.973
1051119;0.978
1054767;0.9778
1057071;0.9784
1059667;0.9758
1062429;0.9726
1065263;0.9802
1068289;0.978
1070228;0.9784
1072985;0.9766
1074978;0.9806
1077386;0.9768
1081166;0.9784
1083038;0.9784
1084844;0.9776
1086569;0.9779
1089522;0.9778
1092188;0.9719
1093749;0.9791
1096547;0.9795
1100506;0.9806
1103119;0.9742
1104376;0.9778
1106432;0.9793
1108904;0.9745
1110442;0.9806
1112889;0.9794
1116191;0.9818
1118306;0.9818
1119893;0.9821
1123370;0.9824
1125665;0.9827
1127447;0.9815
1129715;0.9798
1132941;0.9768
1133738;0.9767
1137707;0.9748
1251490;FAILED
