242235;START
242235;0.9
244406;0.9
246477;0.9
248665;0.9
251137;0.9
255227;0.9
256639;0.9
258274;0.9
262616;0.9
266120;0.9
268600;0.9
271698;0.9
275714;0.9
278187;0.9
279925;0.9
282666;0.9
284769;0.9
286467;0.9
287558;0.9
289880;0.9
291874;0.9
295260;0.9
298091;0.9
299531;0.9
301034;0.9
303056;0.9
307215;0.9
309839;0.9
311753;0.9
313486;0.9
314997;0.9153
317267;0.9192
320845;0.921
323185;0.9233
325956;0.9202
328292;0.9147
329295;0.9151
331244;0.9168
333632;0.9144
335163;0.9145
340043;0.913
342690;0.9212
345004;0.9234
347069;0.9215
349248;0.9004
351549;0.9222
354235;0.9211
357195;0.9184
359265;0.9065
362230;0.9233
364782;0.9296
366408;0.9341
368002;0.9307
370112;0.9258
372141;0.924
374021;0.9137
375758;0.9351
378000;0.9117
381317;0.9355
383735;0.9388
386387;0.9341
387600;0.9403
390054;0.9378
393853;0.9398
396578;0.9371
398225;0.9403
401304;0.9395
404075;0.935
406474;0.9376
409513;0.9415
411139;0.938
412863;0.9427
415079;0.9434
418907;0.9397
420764;0.9392
422086;0.944
425905;0.9417
427746;0.9457
430402;0.9452
432961;0.9428
436088;0.9364
439122;0.9441
440571;0.9416
443900;0.9466
445467;0.9499
447414;0.9454
449532;0.9257
451850;0.948
454959;0.9459
456382;0.9496
458243;0.9492
461004;0.9453
462667;0.9509
464373;0.9482
467747;0.9523
470239;0.9458
472834;0.95
475285;0.9523
479082;0.951
481168;0.9538
483687;0.9517
486221;0.9462
488570;0.9498
490133;0.9545
492667;0.9549
494515;0.9524
495799;0.9423
499272;0.9515
502351;0.9603
504324;0.9593
506237;0.9621
507886;0.9593
509203;0.9614
512172;0.9643
514972;0.9621
517828;0.957
520553;0.9607
523856;0.9581
526239;0.9639
529286;0.957
530805;0.9643
533920;0.9433
535690;0.9475
537716;0.9415
539976;0.9606
543374;0.9605
545197;0.9628
548548;0.9539
551400;0.9566
553666;0.9654
554864;0.9643
557896;0.9635
560372;0.9639
562616;0.9573
566066;0.9558
568905;0.9536
570939;0.9581
573062;0.955
574488;0.9546
577375;0.9539
580174;0.9561
583314;0.9487
586213;0.9592
588616;0.9576
592137;0.9588
596351;0.9374
599240;0.9626
602108;0.962
604255;0.9604
606435;0.9592
608911;0.9615
610589;0.9646
613277;0.9626
615231;0.9585
617525;0.9563
618987;0.9701
623012;0.9659
625417;0.9674
626860;0.961
629813;0.9666
631569;0.9554
634919;0.971
636859;0.9703
640269;0.9689
643649;0.9649
646636;0.9721
648860;0.9722
652034;0.9728
654068;0.9729
656422;0.9719
659122;0.972
661250;0.9712
663459;0.9712
665938;0.9732
668708;0.9747
671484;0.9723
673081;0.9735
677240;0.9743
679488;0.9743
681735;0.976
683128;0.9717
685440;0.9578
687157;0.9716
688337;0.9765
690254;0.9755
692553;0.9728
694432;0.9756
696992;0.9747
699503;0.9759
700604;0.9752
702383;0.9762
704551;0.9767
705689;0.9764
708434;0.97
711730;0.9749
715019;0.9741
717963;0.973
719998;0.9744
721764;0.9719
724727;0.9733
726378;0.9697
729660;0.9653
732407;0.971
734133;0.9732
737071;0.9751
738970;0.9741
742315;0.9749
745146;0.9782
747587;0.9727
749624;0.9651
752311;0.9662
754024;0.969
755607;0.9652
760302;0.974
761934;0.9723
764309;0.9668
765912;0.9742
768865;0.9639
770226;0.9733
771912;0.9702
775270;0.9646
776462;0.9681
780420;0.9695
782297;0.9726
784326;0.9723
787416;0.9734
788964;0.9738
791528;0.9717
793137;0.9671
796676;0.9766
799847;0.9623
802374;0.9745
805282;0.9721
808178;0.975
810732;0.9717
812766;0.971
814601;0.9733
818299;0.9779
820286;0.9756
822417;0.9763
824492;0.9774
826458;0.975
829212;0.9807
831537;0.9788
834357;0.9789
837069;0.9788
838545;0.9729
840311;0.9762
843004;0.9781
844101;0.9787
846602;0.9752
848053;0.9736
850002;0.9712
852899;0.9775
855795;0.9782
858677;0.9764
861908;0.9708
863986;0.9687
868242;0.9718
871620;0.9761
874559;0.9707
877897;0.9749
879757;0.9706
884546;0.9793
886242;0.9798
888257;0.9779
890086;0.9816
892146;0.9803
895142;0.9787
896413;0.9754
897434;0.9769
900767;0.9784
902648;0.9779
904515;0.9811
906294;0.983
909792;0.981
912696;0.9765
914751;0.9786
916763;0.9779
919145;0.9813
922664;0.9788
925781;0.9781
928550;0.98
930476;0.9714
932870;0.9754
934953;0.9804
937529;0.9749
939163;0.979
942251;0.9717
946085;0.9784
949063;0.9805
951995;0.9778
954729;0.9811
957178;0.9797
959755;0.9815
962282;0.9825
965814;0.9756
967650;0.9799
969417;0.9811
970659;0.9809
972504;0.9814
974992;0.9811
976532;0.9817
979467;0.9771
981664;0.9775
984692;0.9732
987888;0.9669
990324;0.9733
991906;0.9735
994304;0.9815
995517;0.9795
997790;0.9811
999963;0.9807
1002074;0.9705
1003614;0.9767
1005712;0.9739
1008665;0.9702
1012319;0.9723
1013620;0.9814
1016680;0.9808
1020953;0.9809
1023257;0.9747
1026075;0.984
1030189;0.9767
1032618;0.9814
1034599;0.9784
1036201;0.9788
1038319;0.9801
1041278;0.9824
1042589;0.981
1043903;0.9829
1046249;0.9792
1050306;0.9819
1053534;0.9828
1054460;0.9839
1057174;0.9831
1059591;0.9828
1061761;0.9733
1064896;0.9774
1067538;0.9797
1069525;0.98
1072062;0.9812
1074772;0.983
1076682;0.9808
1077886;0.9833
1081428;0.9851
1085042;0.9828
1088177;0.9821
1089953;0.9807
1091980;0.982
1093889;0.9849
1095757;0.9862
1098221;0.9861
1100499;0.9841
1102856;0.9849
1106307;0.9857
1107553;0.9858
1111385;0.9839
1114330;0.9844
1117617;0.9846
1120281;0.976
1122493;0.9651
1125705;0.9757
1129164;0.9824
1131961;0.9813
1134464;0.9816
1138171;0.983
1140288;0.9826
1141997;0.9822
1144355;0.9829
1146726;0.9813
1150483;0.9812
1153604;0.9816
1156264;0.9837
1158772;0.9837
1161631;0.9801
1164418;0.9839
1168302;0.9812
1169900;0.9792
1173504;0.9825
1175683;0.9842
1177717;0.9846
1180259;0.985
1181880;0.9822
1185010;0.9828
1188040;0.9666
1189592;0.9727
1192166;0.9824
1193929;0.9806
1197594;0.9817
1200790;0.9835
1202462;0.9851
1204300;0.982
1206359;0.983
1207832;0.9856
1210282;0.9812
1211317;0.9823
1214457;0.9859
1219214;0.9865
1221474;0.9865
1224310;0.9871
1227962;0.9869
1229923;0.9845
1232614;0.9825
1233564;0.9836
1235579;0.9855
1237487;0.9853
1239359;0.9869
1241254;0.9871
1243049;0.9872
1245673;0.9865
1247624;0.9861
1249187;0.9854
1250804;0.9864
1252973;0.986
1256483;0.9858
1258848;0.9831
1261046;0.9826
1262756;0.9863
1264417;0.9856
1266495;0.9863
1268292;0.9865
1270279;0.9857
1272487;0.9824
1275536;0.9809
1277662;0.9841
1278290;0.9884
1280620;0.988
1283388;0.9841
1285923;0.9842
1288286;0.9846
1291920;0.9857
1294368;0.9871
1297771;0.9872
1300011;0.9834
1302453;0.9864
1305729;0.9885
1309044;0.9831
1310873;0.9847
1316128;0.9872
1319122;0.9887
1321376;0.9861
1324549;0.9869
1327491;0.9869
1329759;0.9838
1333424;0.9826
1336316;0.9868
1338663;0.9874
1340864;0.9865
1342046;0.987
1345300;0.9871
1349654;0.9861
1351916;0.986
1354360;0.9872
1355843;0.9829
1357234;0.9864
1359731;0.9862
1361758;0.9865
1363772;0.9871
1366517;0.989
1368518;0.9891
1372836;0.9896
1375359;0.9888
1377779;0.9892
1379819;0.9869
1382930;0.9878
1384386;0.9848
1386275;0.9835
1389058;0.9873
1393435;0.9863
1396209;0.9865
1399520;0.9846
1402749;0.9829
1405059;0.9859
1408444;0.9889
1411689;0.9848
1414127;0.9773
1415744;0.9801
1418638;0.9878
1422006;0.9881
1425229;0.9881
1426500;0.9879
1429233;0.9847
1430792;0.9871
1432794;0.9893
1433642;0.9823
1435700;0.9889
1437389;0.9884
1439302;0.9833
1440679;0.9873
1443782;0.9878
1445570;0.9883
1448060;0.9886
1450943;0.9863
1454952;0.9878
1460116;0.987
1461135;0.9868
1462616;0.9858
1465198;0.9869
1466933;0.9867
1469003;0.9866
1470846;0.9871
1474664;0.9874
1477298;0.9878
1479264;0.9884
1480156;0.9883
1481530;0.988
1483050;0.9866
1485724;0.9846
1488616;0.9873
1491558;0.9867
1493960;0.9854
1496095;0.9853
1498289;0.9878
1501034;0.9868
1504581;0.9868
1506870;0.9882
1508461;0.9865
1510028;0.9857
1512166;0.9857
1513301;0.9789
1827027;FAILED
