236838;START
236838;0.9
239277;0.9
243690;0.9
246356;0.9
248083;0.9
250128;0.9
252164;0.9
253852;0.9
256738;0.9
259202;0.9
261152;0.9
263910;0.9
266399;0.9
268929;0.9
272026;0.9
275273;0.9
277791;0.9028
279240;0.9056
282927;0.9012
287430;0.8999
290182;0.901
292762;0.8797
295407;0.8957
297881;0.895
300971;0.8986
302023;0.9039
304096;0.902
307946;0.894
310946;0.9017
314012;0.8879
315960;0.916
319163;0.9134
321057;0.9141
324346;0.9142
326256;0.8962
328818;0.9162
331401;0.9113
334527;0.9169
337352;0.9173
339506;0.916
342332;0.9147
344717;0.9225
346477;0.9241
348381;0.9034
350713;0.9247
352823;0.9269
354883;0.9269
357051;0.9242
359413;0.9133
362435;0.9196
365586;0.9237
367836;0.9212
369904;0.9253
371416;0.9219
373904;0.9263
376204;0.9279
378451;0.9244
381376;0.919
384827;0.9326
386658;0.9323
389016;0.9276
390976;0.93
393087;0.933
395943;0.9334
398614;0.9351
401077;0.9329
403117;0.9377
406303;0.9365
409005;0.9294
410480;0.9294
412210;0.9299
415682;0.9374
418116;0.9343
419481;0.9292
422712;0.9364
424790;0.9404
427185;0.9439
430880;0.939
433513;0.9397
436643;0.9314
439085;0.9134
441352;0.9391
445706;0.9361
448296;0.9351
450399;0.9349
453753;0.9355
456768;0.9374
458267;0.9336
459636;0.938
462129;0.9446
463789;0.9461
466612;0.9451
468497;0.9474
471048;0.9402
473844;0.9383
476145;0.9415
477779;0.9383
480658;0.9402
483196;0.947
485364;0.9465
487045;0.9475
489612;0.947
492332;0.9545
494480;0.948
497429;0.9507
500470;0.95
502471;0.9405
505726;0.9384
507527;0.9435
510173;0.9507
512771;0.9383
515354;0.947
517924;0.9528
520766;0.946
523115;0.9519
525603;0.9518
528097;0.9553
530364;0.959
535111;0.9526
537959;0.9559
541972;0.954
544507;0.9547
546688;0.9482
549876;0.9524
552457;0.951
555190;0.9523
558329;0.9589
561272;0.96
562932;0.9634
565003;0.9625
567077;0.9612
569278;0.9556
572153;0.9565
575248;0.9603
577785;0.9561
579449;0.9565
582069;0.9585
583470;0.9497
585672;0.9638
587049;0.9669
589681;0.9614
591976;0.9683
594430;0.9608
598210;0.9555
599425;0.9658
602742;0.9644
605413;0.961
607796;0.9651
609857;0.9611
612228;0.96
615280;0.9575
616996;0.9585
619721;0.9593
621703;0.9638
623122;0.9631
624925;0.9653
626582;0.956
629034;0.9524
632530;0.9618
635331;0.9635
638300;0.9657
640127;0.9668
642408;0.9466
644238;0.9628
645805;0.9592
648986;0.9648
652289;0.9651
654286;0.9673
656172;0.9683
658425;0.9662
660273;0.9468
662094;0.9656
664695;0.9556
668161;0.9664
669347;0.9647
671642;0.9532
673322;0.9647
674530;0.968
678279;0.9686
680790;0.9649
683301;0.9546
685273;0.9628
687139;0.9662
689507;0.9563
692023;0.9642
694192;0.9688
696731;0.9709
699459;0.969
701597;0.9642
703169;0.9684
704523;0.9663
709708;0.9684
712462;0.9553
715032;0.972
718023;0.9599
720725;0.9747
723602;0.9754
725896;0.9715
727852;0.9697
729369;0.9702
731459;0.9718
734452;0.9695
737063;0.9654
741206;0.9707
742829;0.9679
744200;0.9689
746930;0.972
749061;0.9652
750770;0.9738
752249;0.9768
754057;0.9739
757272;0.9712
759387;0.9747
762694;0.9728
763787;0.9687
766855;0.9736
768190;0.9728
770732;0.9726
772172;0.9699
775048;0.9689
775540;0.9754
777864;0.9769
780837;0.9755
782891;0.9742
785017;0.972
787838;0.9766
790447;0.9764
792535;0.9761
795044;0.974
797846;0.9709
799985;0.9773
801288;0.9762
803742;0.9756
807243;0.9747
808859;0.977
809993;0.9723
811199;0.9742
814072;0.9726
817455;0.9729
820145;0.9747
823567;0.9717
827401;0.9771
829956;0.9765
833890;0.9762
836064;0.9738
837076;0.9748
839588;0.9688
841249;0.9749
843725;0.9754
847718;0.9741
850311;0.9731
851256;0.9746
854012;0.9711
856326;0.9772
860532;0.9755
862087;0.9772
863974;0.9779
866103;0.9753
869089;0.9772
870839;0.9752
872853;0.9755
875828;0.9771
876693;0.9713
878608;0.9754
879932;0.9778
882738;0.9764
885119;0.977
887384;0.9782
891028;0.9744
894349;0.9788
896717;0.9793
899732;0.9784
902788;0.9732
905128;0.9781
908075;0.9797
909511;0.9787
913653;0.9786
915036;0.9801
917637;0.9765
919540;0.9766
921332;0.9778
923875;0.9781
925827;0.9801
928132;0.9785
930155;0.9783
932062;0.9786
934675;0.9792
937354;0.9799
940203;0.9804
942812;0.981
944758;0.9816
946599;0.9816
949938;0.9832
951552;0.9779
953198;0.9799
954512;0.9766
957585;0.9808
960973;0.9802
962415;0.9781
965419;0.9799
968981;0.9808
970745;0.981
973714;0.9803
976388;0.9783
979083;0.9797
981106;0.9779
984346;0.9808
987755;0.9795
989922;0.9774
991386;0.9771
993715;0.9667
995995;0.9713
999170;0.9805
1000966;0.9787
1002765;0.9663
1006214;0.9759
1009239;0.9822
1011493;0.9806
1013831;0.9824
1016250;0.9836
1018831;0.9837
1021184;0.9833
1024120;0.9827
1026703;0.9816
1030343;0.982
1031786;0.9831
1034733;0.9826
1038012;0.9783
1039503;0.982
1041507;0.9816
1044138;0.9802
1045767;0.9763
1048915;0.9816
1051328;0.9791
1053941;0.9778
1056100;0.977
1058537;0.9812
1061517;0.9789
1063739;0.9817
1067507;0.9815
1069230;0.9818
1070722;0.982
1072897;0.9774
1076200;0.9782
1078118;0.9835
1079725;0.9801
1081689;0.982
1083159;0.9813
1086837;0.9823
1088625;0.9824
1090754;0.9819
1093509;0.9817
1096405;0.9762
1098807;0.9807
1101475;0.9825
1103502;0.979
1106436;0.9778
1109508;0.9823
1112697;0.9823
1116269;0.9817
1118474;0.9819
1120556;0.9799
1122430;0.9768
1124103;0.9761
1125098;0.9788
1127334;0.9808
1129652;0.9812
1131968;0.9817
1134300;0.9799
1136632;0.9806
1138477;0.9823
1139808;0.9799
1141811;0.9687
1144768;0.9808
1148035;0.9778
1151233;0.9731
1152858;0.9836
1156210;0.9796
1157953;0.9826
1160179;0.9812
1163860;0.9777
1166996;0.9826
1169414;0.9759
1171227;0.9773
1172132;0.9781
1175054;0.9787
1176629;0.9767
1178156;0.9782
1179845;0.9763
1181609;0.9802
1183492;0.9761
1185163;0.9817
1187897;0.9787
1191811;0.9819
1194391;0.9822
1196445;0.9823
1198707;0.9793
1200718;0.9803
1203496;0.9818
1205549;0.976
1208131;0.9748
1209654;0.983
1213597;0.984
1216278;0.9838
1217974;0.9816
1220572;0.9806
1223219;0.9844
1224818;0.9843
1226949;0.9854
1228298;0.9845
1231325;0.9793
1234376;0.9837
1236714;0.984
1239861;0.9805
1243299;0.981
1245766;0.9825
1248396;0.9814
1251618;0.9821
1254392;0.9825
1256914;0.9845
1260070;0.9833
1262015;0.9818
1264592;0.9829
1268133;0.9847
1269418;0.9784
1271837;0.9722
1275145;0.98
1277733;0.9846
1280397;0.9833
1284128;0.9844
1286878;0.9844
1290337;0.984
1292752;0.9852
1295971;0.9844
1298890;0.9829
1302226;0.9849
1304765;0.9824
1305606;0.979
1307704;0.9752
1310130;0.9836
1312075;0.9835
1313813;0.9801
1315440;0.9833
1317144;0.9799
1320277;0.9849
1322974;0.981
1325229;0.9816
1327102;0.9813
1330348;0.9843
1333085;0.9822
1335587;0.9842
1339237;0.9854
1343117;0.9864
1345484;0.9853
1348555;0.9824
1350107;0.978
1352811;0.9831
1354121;0.9844
1355800;0.9834
1357834;0.9842
1359715;0.9858
1362337;0.985
1365025;0.9842
1367473;0.9842
1369811;0.9871
1372192;0.987
1374441;0.9861
1377276;0.9878
1380140;0.9859
1382638;0.9852
1386121;0.9864
1388408;0.9836
1390706;0.978
1393129;0.9869
1396090;0.9767
1398514;0.9856
1401264;0.9848
1404064;0.9838
1408229;0.9829
1409162;0.9817
1411838;0.9825
1413768;0.9788
1415820;0.9817
1419171;0.9837
1421986;0.986
1424405;0.9863
1428025;0.9871
1431436;0.9878
1433464;0.9868
1434785;0.9869
1437090;0.9855
1439210;0.9787
1440270;0.9859
1443194;0.9863
1445662;0.986
1447565;0.9871
1449179;0.9868
1451270;0.9871
1452451;0.9882
1454104;0.9891
1456675;0.988
1459420;0.9832
1461629;0.9867
1463680;0.987
1466508;0.9856
1468643;0.986
1471550;0.9867
1473472;0.985
1476356;0.9858
1479392;0.987
1480982;0.9874
1482242;0.9888
1483488;0.9886
1485775;0.9881
1487345;0.9868
1488883;0.9886
1491868;0.9903
1494762;0.9899
1498172;0.9895
1500451;0.9856
1503552;0.9881
1505852;0.988
1507456;0.9878
1510925;0.987
1513602;0.99
1516419;0.985
1518886;0.9851
1521203;0.9871
1523355;0.985
1525898;0.9842
1528664;0.9874
1530198;0.986
1532591;0.985
1534348;0.9862
1537093;0.9867
1540854;0.9867
1542865;0.9875
1545758;0.988
1549238;0.9868
1551394;0.9824
1552689;0.9905
1555232;0.9881
1557722;0.9903
1560226;0.9903
1562729;0.9898
1565086;0.9882
1566813;0.9892
1568123;0.989
1570066;0.9805
1571875;0.9812
1573925;0.9861
1576977;0.9873
1579483;0.9899
1582246;0.9904
1586166;0.9903
1588232;0.9915
1590318;0.9889
1592986;0.9901
1594784;0.9888
1597450;0.9886
1601079;0.9886
1604081;0.9869
1606829;0.9897
1608257;0.9917
1610948;0.9921
1613964;0.9909
1617256;0.9913
1620267;0.9936
1622401;0.993
1623729;0.9908
1625732;0.9909
1627766;0.9909
1629819;0.9907
1631887;0.9899
1633410;0.9889
1636575;0.9906
1638096;0.9913
1642169;0.9892
1643408;0.9889
1645942;0.9902
1648158;0.991
1652724;0.9904
1654512;0.9889
1657167;0.9921
1658612;0.9927
1660628;0.9918
1664198;0.992
1666420;0.9918
1668328;0.9918
1670023;0.991
1672653;0.9912
1675339;0.9828
1678281;0.9887
1679427;0.9908
1681401;0.9889
1683194;0.9914
1685399;0.9913
1687938;0.9918
1689937;0.9919
1694510;0.9935
1696121;0.9922
1697140;0.9868
1699633;0.9928
1702614;0.9923
1704134;0.9934
1706085;0.993
1708123;0.9929
1712049;0.993
1715361;0.9929
1716587;0.9886
1718444;0.9912
1721939;0.9919
1724392;0.9913
1726929;0.9876
1729879;0.9849
1731331;0.9921
1732961;0.9921
1736127;0.9927
1738683;0.9922
1741048;0.9921
1743385;0.9914
1744690;0.9925
1746837;0.9916
1747868;0.9917
1751556;0.9932
1754277;0.9941
1756573;0.9924
1758575;0.9946
1760538;0.9945
1763742;0.9949
1766876;0.9953
1769224;0.9939
1772016;0.9925
1775599;0.993
1776705;0.9927
1779647;0.9933
1781831;0.9942
1783338;0.9947
1786906;0.9954
1788374;0.9954
1790626;0.9948
1792008;0.9928
1793975;0.9934
1796131;0.9942
1797700;0.994
1800098;0.9927
1802078;0.9925
1804051;0.9899
1805888;0.9875
1807881;0.9937
1809928;0.991
1813202;0.9945
1816336;0.9944
1819209;0.9944
1821445;0.9938
1823301;0.9925
1825902;0.9925
1827602;0.994
1830437;0.9941
1834253;0.993
1836995;0.995
1838846;0.9947
1840747;0.9919
1843522;0.9928
1845776;0.9951
1847543;0.9954
1850221;0.9954
1852850;0.9953
1855549;0.9956
1857034;0.9956
1859442;0.9942
1862054;0.9945
1865994;0.995
1869343;0.9956
1872507;0.9937
1874647;0.9916
1877600;0.9961
1880669;0.9952
1882969;0.9953
1885058;0.9955
1887860;0.9956
1889707;0.9956
1892111;0.9952
1895363;0.9953
1897296;0.9908
1899648;0.993
1903281;0.9929
1905291;0.9927
1907176;0.994
1909393;0.9923
1912589;0.9922
1913730;0.9939
1915837;0.9941
1918083;0.9941
1921675;0.9942
1924768;0.9921
1927771;0.9946
1929495;0.9953
1932196;0.9948
1934160;0.9934
1937286;0.9939
1938862;0.9938
1941014;0.9947
1942894;0.9937
1945217;0.9927
1946749;0.992
1949629;0.992
1952755;0.9925
1955254;0.9913
1958794;0.9925
1961133;0.992
1963323;0.9929
1965896;0.9917
1967722;0.9913
1970089;0.9914
1972564;0.9922
1975016;0.9927
1977995;0.9926
1981332;0.9931
1985977;0.9937
1988668;0.9925
1990324;0.9925
1993021;0.9875
1996744;0.9932
1997988;0.9926
2000931;0.993
2002396;0.9918
2004186;0.9919
2005568;0.9937
2007543;0.9926
2009442;0.9927
2012765;0.9921
2016000;0.9906
2018135;0.9923
2022346;0.9923
2025131;0.9937
2026816;0.9932
2028593;0.9901
2030772;0.9921
2033226;0.9942
2035754;0.9914
2038332;0.9898
2041497;0.991
2044141;0.994
2047498;0.9943
2050855;0.9939
2053437;0.9937
2055496;0.9939
2057303;0.9934
2060307;0.993
2062669;0.993
2064723;0.993
2067038;0.9928
2068336;0.9932
2191854;FAILED
