234962;START
234962;0.9
238347;0.9
241456;0.9
244556;0.9
246495;0.9
249310;0.9
252247;0.9
253586;0.9
255323;0.9
257240;0.9
259472;0.9
262700;0.9
264781;0.9
267663;0.9
270237;0.9
271499;0.9002
273064;0.9067
275430;0.9082
278154;0.9116
281344;0.9126
283071;0.8999
285109;0.907
287309;0.8955
289289;0.906
290576;0.8923
293423;0.902
295337;0.9113
298249;0.9177
300923;0.9169
303113;0.9157
305262;0.9144
306721;0.8952
308563;0.8938
310789;0.916
312641;0.9163
315805;0.92
320141;0.9193
323376;0.9195
326176;0.9059
328719;0.9151
330720;0.9263
332543;0.9242
334006;0.9272
336039;0.9263
340034;0.9264
341932;0.9254
343841;0.9251
347219;0.9251
349523;0.9195
354245;0.9242
357022;0.929
358865;0.9352
363320;0.9331
367350;0.9325
369647;0.9273
373100;0.9339
375301;0.9355
377140;0.9391
380580;0.9392
384031;0.942
387029;0.9363
389670;0.9358
391853;0.938
394144;0.9404
395863;0.9397
398455;0.9201
401526;0.9437
402656;0.9357
406571;0.9384
408332;0.937
409945;0.9386
412405;0.9438
414365;0.9434
415831;0.951
418290;0.9467
421686;0.9573
423714;0.9569
424748;0.9581
426854;0.9574
429334;0.9446
431643;0.9582
433992;0.953
436901;0.9488
439330;0.9489
443009;0.9492
444416;0.9356
447631;0.9574
449905;0.9499
452366;0.9588
455362;0.9588
459316;0.9515
461905;0.961
464706;0.9543
467953;0.9602
470082;0.9537
472422;0.9568
474479;0.9602
476809;0.9608
479216;0.9624
482437;0.9616
484676;0.961
486656;0.9602
490031;0.9607
492749;0.9612
496405;0.9481
498165;0.9508
502344;0.9631
506369;0.9555
508358;0.9624
509959;0.9639
514186;0.9658
517856;0.9649
519219;0.9651
521637;0.9594
524864;0.9637
525898;0.963
528281;0.9583
531347;0.9573
533418;0.9669
536468;0.959
540367;0.9584
542888;0.9663
545937;0.9676
547836;0.9604
551151;0.9537
553549;0.9667
555250;0.9655
558447;0.9602
560103;0.9574
561965;0.9612
563171;0.9632
564466;0.962
568501;0.9694
570899;0.9605
573702;0.9675
576948;0.9662
579513;0.965
582933;0.9509
585259;0.9534
588467;0.9656
591023;0.9681
593736;0.9657
596862;0.9648
599274;0.9662
602645;0.956
604968;0.9705
607284;0.9717
609765;0.9699
612915;0.9708
614512;0.9505
616973;0.9576
619987;0.9586
622075;0.9705
623467;0.9697
625456;0.9718
629013;0.9722
631540;0.9724
633141;0.9574
637220;0.9654
639451;0.9703
641185;0.9709
643384;0.9705
645733;0.9652
646649;0.965
648219;0.9716
649662;0.9672
652788;0.9684
655738;0.9553
657888;0.9737
660260;0.9722
662494;0.9514
663663;0.9564
667011;0.9695
669345;0.9649
671896;0.9709
674371;0.9706
676688;0.9709
679148;0.9692
682275;0.9651
685767;0.9574
688359;0.963
691539;0.9708
694413;0.9716
696756;0.9723
698193;0.9731
701282;0.9706
702652;0.9629
705450;0.9716
707810;0.9627
710002;0.9676
711386;0.9696
715966;0.9696
719099;0.9739
720378;0.9728
722955;0.9741
725962;0.9663
727762;0.9601
729077;0.9738
732048;0.9653
734334;0.9701
736377;0.9661
738336;0.9727
741365;0.9732
742784;0.9715
745692;0.9551
746938;0.9747
749688;0.9769
753091;0.9773
755667;0.9699
758732;0.9637
760089;0.9605
761424;0.9686
763847;0.9697
765810;0.9738
769046;0.9764
772239;0.9751
773835;0.9699
775365;0.9772
777125;0.9745
781212;0.9764
783204;0.9708
785917;0.9632
788154;0.9725
790391;0.9706
793115;0.9746
795141;0.9786
797617;0.9776
800074;0.9715
803162;0.9658
805123;0.9702
806939;0.9698
808628;0.9731
810908;0.9742
814124;0.9761
815678;0.9759
819576;0.9752
822404;0.9644
823369;0.9732
825656;0.9709
828204;0.9758
830943;0.9772
833221;0.9753
835234;0.9767
838010;0.9789
840413;0.9781
841578;0.9775
844099;0.9769
847423;0.9713
849440;0.9766
851388;0.9751
854296;0.9758
857723;0.9744
860151;0.9762
862682;0.9655
864800;0.9778
866728;0.954
868527;0.975
871659;0.9745
874189;0.9747
877119;0.9771
879869;0.9784
882399;0.9771
885317;0.9764
887037;0.9789
889288;0.9786
892143;0.9753
894394;0.9755
895747;0.9787
898865;0.9774
900820;0.9773
903711;0.9772
906285;0.9768
909516;0.975
913013;0.9763
917040;0.9772
919319;0.9793
921616;0.9806
924309;0.9814
927144;0.9808
929337;0.9779
931116;0.9758
934838;0.9795
936548;0.9773
938762;0.9754
940471;0.9749
945640;0.9769
947029;0.9704
949136;0.9809
951310;0.9803
953374;0.9814
955529;0.9824
957925;0.9822
959390;0.9795
962305;0.9761
964157;0.9763
966378;0.9816
969053;0.9809
970830;0.9821
972823;0.9802
974913;0.9772
978050;0.979
980783;0.9776
983325;0.9792
985127;0.9795
987263;0.9805
990800;0.9829
992267;0.9808
994716;0.9813
996445;0.9809
998205;0.9792
1002481;0.9773
1004478;0.9817
1007047;0.9795
1009417;0.9778
1012494;0.9826
1014587;0.9828
1017545;0.9821
1019981;0.9817
1022787;0.9813
1026939;0.9768
1027823;0.9788
1029553;0.9817
1031951;0.9829
1033922;0.9834
1037289;0.9843
1039299;0.9847
1042875;0.9826
1047117;0.9825
1050129;0.9858
1052332;0.9844
1054798;0.9848
1056855;0.9802
1059562;0.9815
1064439;0.9833
1066461;0.9825
1068097;0.9817
1071340;0.9684
1073887;0.9774
1076223;0.9785
1079370;0.9801
1081302;0.9801
1082859;0.9813
1085480;0.9792
1089305;0.9838
1091238;0.9847
1093703;0.9837
1097787;0.9803
1100505;0.9811
1103122;0.9822
1105110;0.9826
1107795;0.983
1109738;0.9855
1112202;0.972
1113988;0.9768
1116509;0.9807
1118259;0.9802
1120560;0.9797
1122667;0.9819
1125196;0.9809
1127475;0.98
1130134;0.9794
1132440;0.9838
1134491;0.9823
1135765;0.9799
1137641;0.9804
1139569;0.9848
1142611;0.9842
1144701;0.9829
1146920;0.9744
1148725;0.9836
1151250;0.9837
1153152;0.9847
1156056;0.9843
1159234;0.9859
1161326;0.9866
1163349;0.9863
1165320;0.9836
1168741;0.9854
1171069;0.9862
1172392;0.9859
1175372;0.9857
1177404;0.9849
1179310;0.9841
1181352;0.984
1183551;0.9853
1186035;0.9847
1188598;0.9843
1190778;0.979
1193122;0.9855
1195473;0.9831
1197219;0.9822
1199871;0.986
1202189;0.9857
1205048;0.9855
1206290;0.982
1207732;0.9814
1209880;0.9854
1211722;0.9853
1216054;0.9864
1217541;0.9865
1219232;0.9868
1221468;0.9878
1223707;0.9855
1225191;0.9857
1227752;0.9842
1229594;0.985
1231831;0.9855
1235356;0.9873
1238611;0.987
1240560;0.9873
1243353;0.9876
1246492;0.9878
1249267;0.986
1251250;0.9874
1253375;0.9851
1255515;0.9846
1258031;0.9837
1260364;0.9857
1263227;0.9836
1265629;0.981
1267511;0.9769
1269879;0.9779
1273515;0.9812
1276409;0.9769
1278770;0.9845
1280763;0.985
1282234;0.9839
1285093;0.9854
1288966;0.9858
1292791;0.9872
1295114;0.9872
1296888;0.9869
1299870;0.983
1303612;0.9821
1305294;0.9855
1307022;0.9858
1309371;0.9799
1312015;0.9808
1314542;0.983
1316647;0.9877
1319823;0.9857
1321960;0.9853
1324628;0.9862
1327614;0.9872
1329307;0.9853
1331631;0.9825
1333566;0.9793
1335237;0.9823
1337564;0.9794
1339668;0.9814
1345130;0.9784
1347192;0.9855
1350079;0.9842
1353662;0.9846
1356189;0.985
1359686;0.9851
1361623;0.9833
1363676;0.9846
1366829;0.9806
1368678;0.9821
1372152;0.9861
1374923;0.9842
1377593;0.9832
1380251;0.981
1381401;0.9814
1383654;0.9819
1386058;0.9853
1387788;0.9852
1389511;0.9849
1391889;0.9841
1392976;0.9843
1394796;0.9841
1397590;0.9847
1400765;0.9843
1403014;0.9859
1407508;0.9866
1409758;0.98
1411824;0.9781
1508755;FAILED
