237192;START
237192;0.9
241175;0.9
243508;0.9
245366;0.9
248171;0.9
250567;0.9
252696;0.9
255726;0.9
257648;0.9
260714;0.9
263715;0.9
267357;0.9
270310;0.9
272991;0.9
274562;0.9012
275859;0.9028
278098;0.9034
279902;0.9043
282720;0.9058
285022;0.8835
287514;0.9075
289697;0.9085
291748;0.9028
294297;0.9073
298130;0.9066
301616;0.9013
304719;0.9008
308186;0.9038
310703;0.9068
313143;0.9023
315510;0.9079
317221;0.9025
320168;0.9143
321881;0.9074
323866;0.9108
326697;0.9132
328762;0.9161
331102;0.9178
333909;0.9143
334940;0.9158
337007;0.9111
339829;0.9061
342112;0.9164
343641;0.9154
346868;0.9228
348581;0.9079
351032;0.9185
354848;0.9201
356838;0.923
359190;0.9189
361775;0.9155
363183;0.9238
366028;0.9166
369095;0.9281
372623;0.9288
375616;0.9331
377719;0.9287
379345;0.9277
381301;0.905
382753;0.9307
386466;0.9329
388909;0.9374
390971;0.9332
394120;0.9371
396085;0.935
398226;0.9294
400264;0.9299
402176;0.9294
403925;0.939
406317;0.9243
408496;0.929
411162;0.9263
414068;0.9379
419385;0.9372
420490;0.9357
423268;0.9377
425804;0.9412
428469;0.9423
429860;0.942
431608;0.9406
434464;0.9456
437210;0.9447
439919;0.9415
441928;0.9368
443873;0.9361
448169;0.9378
450977;0.9421
452686;0.9399
455704;0.9371
457320;0.9405
459043;0.9445
461739;0.942
463813;0.9473
465926;0.9461
468811;0.9456
473291;0.9459
475088;0.947
477238;0.935
479967;0.9519
484041;0.9465
486206;0.9473
487672;0.9392
489042;0.9516
491009;0.9523
493906;0.9526
497655;0.9526
499719;0.9468
502333;0.9558
506311;0.9591
508819;0.9569
511813;0.9542
513586;0.9574
515553;0.9597
519252;0.9571
522472;0.9546
526624;0.9573
530064;0.9562
531701;0.9565
534577;0.9606
536685;0.9516
540412;0.953
544562;0.9521
546786;0.9521
549094;0.9569
550535;0.9602
554488;0.9622
556132;0.9566
558972;0.9579
561133;0.9601
563466;0.9628
569361;0.9582
570974;0.9681
572904;0.963
575246;0.9651
578052;0.962
579663;0.9627
582729;0.9659
585107;0.9607
586574;0.9638
588523;0.966
590714;0.964
593258;0.962
597086;0.9655
599640;0.9643
601125;0.9616
604349;0.9639
608057;0.9646
610023;0.9675
612807;0.9683
615936;0.9693
618202;0.9698
621416;0.9707
623521;0.9647
627065;0.969
629113;0.9598
630988;0.9618
633919;0.9663
635639;0.9661
638752;0.9688
639937;0.9707
641991;0.9668
644219;0.9683
648364;0.969
650702;0.97
653037;0.97
655977;0.9711
657421;0.9701
659978;0.9729
663631;0.9657
667688;0.9655
669900;0.967
672807;0.9703
674880;0.9664
677509;0.9692
679350;0.9719
683181;0.9719
686631;0.972
688041;0.9703
690783;0.9701
693886;0.9664
696449;0.9667
699773;0.9645
701973;0.9696
704794;0.9642
707091;0.9533
709950;0.9655
712247;0.9677
714255;0.9702
716229;0.9718
718573;0.9731
720475;0.9707
721698;0.9714
723472;0.9721
725108;0.9705
727651;0.9663
730144;0.9629
731513;0.9682
733659;0.9666
735610;0.9732
739273;0.9637
741886;0.9742
743416;0.969
744550;0.9721
747355;0.9642
748704;0.9668
751903;0.9717
753766;0.9678
756073;0.9681
757765;0.9605
759784;0.9665
762772;0.9682
764948;0.9426
767737;0.9495
770599;0.9555
773680;0.9695
776877;0.9707
779171;0.9666
781109;0.972
783506;0.9595
785572;0.9709
789275;0.969
793242;0.9668
795302;0.9691
797877;0.9726
799625;0.9734
802086;0.9719
804716;0.971
806473;0.9685
808483;0.9718
811332;0.9718
815970;0.967
817687;0.9684
821039;0.9676
823830;0.9649
826091;0.9501
829032;0.9743
830079;0.9622
833858;0.9656
837056;0.9653
839069;0.9683
841121;0.9666
843436;0.9648
845786;0.9694
847000;0.9601
849509;0.971
851709;0.9729
854109;0.9675
856775;0.9724
859184;0.9745
860616;0.9724
862952;0.9722
864318;0.9714
867310;0.9692
871649;0.9706
874428;0.9713
876853;0.9756
879288;0.9777
880900;0.9732
883262;0.9761
884500;0.9785
887809;0.9799
889856;0.9784
891864;0.9779
895205;0.9778
898171;0.9746
899263;0.9767
902033;0.9758
904117;0.968
907491;0.9673
910133;0.9736
913635;0.9736
916217;0.9742
919264;0.9738
921778;0.9746
923801;0.9737
925983;0.976
928188;0.978
930693;0.977
932430;0.9754
935103;0.9769
936058;0.9776
938949;0.9743
941202;0.9743
943719;0.9707
946003;0.9741
948835;0.9746
951554;0.9755
954012;0.9754
956260;0.9747
959259;0.9747
961032;0.9756
962953;0.9786
964664;0.9736
966040;0.973
968852;0.9781
970801;0.9791
973119;0.9793
975059;0.9797
976832;0.9811
978876;0.9812
980332;0.9779
982996;0.9764
984596;0.9724
987733;0.977
990644;0.979
992507;0.9804
996200;0.9806
999147;0.9769
1001658;0.9735
1003569;0.9797
1005889;0.9785
1007526;0.9811
1010107;0.9774
1013677;0.9772
1016935;0.979
1020598;0.9793
1021930;0.968
1024664;0.9755
1027133;0.9771
1029728;0.9734
1031895;0.9781
1033847;0.9752
1036021;0.978
1039828;0.97
1041331;0.9752
1043555;0.9723
1045551;0.9731
1047893;0.9808
1049802;0.9789
1052374;0.9736
1054999;0.9722
1058143;0.9731
1060651;0.9733
1062527;0.9766
1064022;0.9783
1066849;0.9586
1068602;0.9766
1071490;0.9782
1074003;0.9723
1076243;0.9771
1078215;0.9756
1080141;0.9761
1082399;0.9756
1084806;0.9797
1087004;0.9751
1089978;0.98
1092472;0.9805
1095843;0.977
1097353;0.9802
1102717;0.9788
1104960;0.9793
1108368;0.9799
1110813;0.9793
1113389;0.9774
1115339;0.9743
1117684;0.9764
1119495;0.9773
1121657;0.978
1123124;0.9761
1127119;0.9809
1129094;0.9746
1133303;0.9774
1135348;0.9795
1138480;0.9808
1141679;0.9799
1145757;0.9765
1147752;0.9769
1149063;0.984
1150669;0.9832
1153455;0.9843
1155844;0.9833
1158305;0.9731
1159586;0.9766
1161679;0.9821
1164891;0.9834
1166679;0.9855
1170191;0.9795
1172394;0.9833
1175937;0.985
1178729;0.983
1179833;0.9851
1182372;0.9835
1184188;0.9813
1185932;0.9855
1188715;0.9844
1190371;0.9809
1192827;0.9791
1195957;0.9819
1197873;0.9838
1199834;0.9804
1204099;0.9852
1205643;0.9851
1208212;0.9842
1210852;0.985
1215366;0.9831
1217806;0.9842
1220835;0.9835
1222478;0.9843
1225128;0.9858
1227576;0.9832
1229547;0.9838
1230575;0.9801
1232272;0.9845
1236345;0.9856
1239920;0.9852
1242121;0.9822
1244772;0.9843
1246998;0.982
1250188;0.9805
1252221;0.9806
1253652;0.9808
1257201;0.98
1259477;0.9683
1261274;0.9822
1262160;0.985
1263803;0.9813
1266614;0.9819
1269615;0.9837
1272272;0.9839
1273708;0.9823
1277402;0.9827
1279277;0.9824
1282432;0.9832
1283984;0.9851
1285549;0.9843
1289299;0.9813
1291474;0.9799
1293660;0.9802
1295395;0.9835
1298144;0.9829
1302062;0.9826
1306659;0.9827
1309664;0.9862
1310980;0.9867
1313071;0.9867
1315545;0.9857
1318168;0.9847
1319730;0.9852
1322713;0.9862
1324628;0.9854
1327136;0.9853
1329727;0.9861
1332558;0.9859
1336865;0.983
1339403;0.9823
1342791;0.9841
1344912;0.9851
1347387;0.9854
1349653;0.9841
1351502;0.9876
1353557;0.9825
1356201;0.9734
1357592;0.9776
1358745;0.9751
1360859;0.984
1364367;0.9871
1368125;0.9829
1371937;0.9863
1373031;0.9867
1374550;0.9883
1378390;0.989
1382068;0.987
1383667;0.983
1385897;0.9888
1387886;0.9883
1389628;0.9883
1391256;0.9883
1394117;0.9869
1397001;0.9858
1398979;0.9823
1401732;0.9803
1404075;0.9849
1405439;0.9851
1409461;0.9869
1412062;0.9883
1413723;0.9877
1416102;0.9867
1418234;0.9884
1420552;0.9855
1423004;0.9835
1425729;0.9823
1429271;0.9857
1432106;0.9873
1433609;0.9869
1435533;0.9861
1436961;0.9896
1439021;0.9881
1441293;0.9903
1445127;0.99
1447880;0.986
1450415;0.9864
1453589;0.9897
1456088;0.9886
1460290;0.986
1463657;0.989
1465550;0.9894
1467998;0.989
1470181;0.988
1472080;0.9877
1475419;0.9873
1477367;0.9868
1480592;0.9847
1482669;0.9856
1487139;0.9815
1489763;0.9819
1492806;0.9853
1495195;0.9827
1498144;0.9876
1499901;0.9855
1502943;0.9853
1505126;0.9858
1506444;0.9886
1508533;0.9899
1511278;0.988
1513677;0.9841
1515698;0.9882
1519761;0.9875
1522477;0.9831
1525084;0.9837
1526838;0.9896
1529045;0.9786
1531259;0.9821
1533589;0.9839
1536203;0.9869
1538493;0.9855
1541251;0.9873
1544137;0.9871
1545884;0.9835
1657852;FAILED
