244321;START
244321;0.9
246392;0.9
248072;0.9
251136;0.9
253559;0.9
256159;0.9
257794;0.9
260087;0.9
262880;0.9
264660;0.9
267583;0.9
268699;0.9
271886;0.9
273856;0.903
275018;0.9019
278273;0.9005
281297;0.9019
284439;0.9038
286680;0.9073
290012;0.9114
291726;0.9123
293667;0.9167
295038;0.9062
297179;0.9215
299154;0.9201
301333;0.9056
303627;0.9122
305118;0.9083
307524;0.9155
310561;0.9101
313850;0.917
316350;0.917
320536;0.9195
324144;0.9233
326437;0.9236
328528;0.9273
332538;0.9298
334786;0.9272
336030;0.9237
337802;0.9306
339419;0.9339
341238;0.9352
344484;0.9324
346413;0.9339
348632;0.9322
351839;0.9372
353291;0.9423
355374;0.9418
359458;0.9361
361742;0.9369
363318;0.936
366977;0.9414
369410;0.9402
372600;0.9442
374091;0.9432
376560;0.9427
378074;0.9422
379363;0.9342
382897;0.9347
386499;0.9327
388427;0.9363
390762;0.9405
392597;0.9261
394289;0.9466
396463;0.9463
398981;0.9411
401403;0.9432
403731;0.9401
407043;0.9415
409156;0.9464
411925;0.9467
414343;0.943
417482;0.9478
420166;0.9358
423401;0.9446
426389;0.9433
428267;0.9353
430476;0.9348
432399;0.9437
435652;0.945
439347;0.9496
441559;0.9478
443684;0.9491
445389;0.9526
448900;0.9469
451262;0.9536
454632;0.9543
458004;0.9542
461816;0.9447
464879;0.9487
467513;0.9535
469233;0.9488
471331;0.9506
472470;0.9589
474204;0.9503
476679;0.9554
479672;0.9562
481040;0.9568
483750;0.9457
486722;0.9589
489383;0.9618
492531;0.9595
494604;0.9593
496770;0.9515
499024;0.9522
502493;0.9579
505158;0.953
507582;0.9539
510533;0.9488
512256;0.955
514594;0.9543
518643;0.9608
521465;0.9618
524014;0.9597
526607;0.9612
528707;0.9586
530589;0.9603
532780;0.9623
534741;0.9642
535807;0.962
537387;0.9648
540316;0.9663
543009;0.96
545819;0.9593
548288;0.962
550111;0.964
552598;0.9579
554908;0.9675
556851;0.9659
559361;0.9603
562111;0.9652
564221;0.9596
565640;0.9651
567585;0.9653
569922;0.9668
571429;0.9642
574421;0.9665
577510;0.9643
579437;0.9636
580941;0.9535
583397;0.9691
585793;0.9663
588982;0.9703
590605;0.9708
592757;0.9735
594625;0.9715
596341;0.9676
599077;0.9666
601228;0.9584
603522;0.9551
605782;0.9692
608180;0.9677
610221;0.9719
612768;0.9505
615717;0.9709
618595;0.955
621830;0.9496
623564;0.9651
628535;0.9683
630496;0.9704
632490;0.9683
636314;0.9498
638888;0.9661
641738;0.9704
644456;0.9689
646986;0.9656
649783;0.971
652597;0.9717
655334;0.9722
657986;0.9681
660519;0.9668
663257;0.9702
666043;0.9684
668135;0.9661
671021;0.9697
672879;0.9722
675046;0.9721
677466;0.9672
679755;0.9678
682044;0.9701
685199;0.9708
686486;0.9628
689338;0.9538
691679;0.9623
692863;0.9605
695747;0.9634
698606;0.9708
700314;0.9654
703301;0.9698
705706;0.9668
707738;0.9718
710561;0.9663
712923;0.9507
715468;0.9724
717432;0.9728
720023;0.971
721264;0.9722
722690;0.9715
724568;0.9726
726810;0.9712
729822;0.9678
731388;0.9695
732951;0.9723
735373;0.9685
737674;0.9665
738956;0.9701
742017;0.9665
745516;0.9752
748672;0.9767
750991;0.968
753509;0.9572
755233;0.9709
757462;0.9737
760156;0.9637
762727;0.9748
766240;0.9702
768624;0.9732
770179;0.9724
773151;0.9617
775164;0.9666
778184;0.9715
781131;0.97
782478;0.9717
784877;0.9722
788518;0.9697
791740;0.9746
794789;0.9771
798356;0.9751
799593;0.9771
802376;0.9754
804249;0.9733
807336;0.9723
809450;0.9721
812249;0.9729
814385;0.9764
816949;0.9716
818678;0.9729
823549;0.9731
826634;0.9736
828862;0.9745
830442;0.9748
832515;0.9699
836720;0.9697
840500;0.9654
841489;0.9678
842654;0.9629
846406;0.9743
848166;0.9762
849453;0.9754
851712;0.9743
853528;0.9718
855907;0.9628
858338;0.9752
861869;0.9755
863971;0.9701
866051;0.9743
868398;0.9688
870804;0.975
874388;0.9745
876916;0.9739
879146;0.9741
881004;0.9729
883428;0.9737
884984;0.9718
887265;0.9661
891561;0.9658
893509;0.9674
895603;0.9777
897564;0.977
901975;0.9784
904622;0.9782
906392;0.9776
909493;0.978
911253;0.9779
913768;0.9764
916261;0.9776
919258;0.9663
921774;0.9644
924907;0.9772
926831;0.9739
929315;0.9775
932483;0.9714
934842;0.9765
937562;0.9739
939209;0.9748
942298;0.9769
944712;0.9771
948495;0.9772
950518;0.9659
952811;0.978
955283;0.9806
957050;0.9814
958657;0.9795
961248;0.9811
963308;0.9785
965737;0.9754
967444;0.9788
970035;0.9806
971170;0.9724
973962;0.9678
976268;0.9778
978618;0.9729
979900;0.9768
981977;0.978
983821;0.9802
986274;0.9757
987907;0.9798
990397;0.9774
992189;0.9749
993989;0.9772
997708;0.9788
1000825;0.9789
1004041;0.9781
1006169;0.9799
1008352;0.9807
1012102;0.9794
1015117;0.9775
1017946;0.9776
1021286;0.9791
1023185;0.9772
1025563;0.9779
1027496;0.9765
1031361;0.9747
1033064;0.9754
1035882;0.9732
1038250;0.9728
1041886;0.9727
1045702;0.9776
1047868;0.9767
1049835;0.9813
1052097;0.9719
1056026;0.9706
1060437;0.9785
1062287;0.9785
1064285;0.9783
1066284;0.9779
1068745;0.9804
1073314;0.9646
1076621;0.973
1079391;0.9795
1080518;0.9796
1084660;0.9753
1085720;0.9791
1088316;0.9818
1090913;0.9813
1094162;0.9798
1097234;0.9787
1099459;0.9776
1101749;0.9791
1103972;0.9816
1105746;0.9822
1108371;0.983
1109616;0.9835
1111645;0.9782
1114292;0.9823
1117011;0.977
1119985;0.9813
1122238;0.9826
1124682;0.984
1127859;0.9817
1131292;0.9769
1135073;0.9779
1138615;0.9813
1140800;0.9836
1144617;0.9836
1148104;0.9844
1150062;0.9846
1153442;0.9803
1155369;0.9849
1158338;0.9781
1160712;0.979
1162873;0.9841
1164545;0.9773
1166400;0.9704
1169113;0.9759
1308517;FOUND
