10100;START
10100;0.8931
10200;0.8931
10300;0.8931
10400;0.8931
10503;0.8931
10603;0.8931
10703;0.8931
10844;0.8931
11034;0.8931
11139;0.8931
11253;0.8931
11364;0.8931
11487;0.8931
11587;0.8931
11735;0.8931
11838;0.8931
11938;0.8931
12038;0.8931
12138;0.8931
12240;0.8931
12340;0.8931
12440;0.8931
12541;0.8931
12641;0.8931
12741;0.8931
12841;0.8931
12948;0.8931
13048;0.8931
13186;0.8931
13326;0.8931
13426;0.8931
13548;0.8931
13648;0.8931
13748;0.8931
13849;0.8931
13949;0.8931
14049;0.8931
14167;0.8931
14273;0.8931
14373;0.8931
14473;0.8931
14589;0.8931
14689;0.8931
14789;0.8931
14903;0.8931
15027;0.8931
15127;0.8931
15227;0.8931
15331;0.9323
15431;0.9288
15531;0.9414
15631;0.9445
15731;0.9346
15831;0.9439
15931;0.9372
16031;0.9389
16131;0.9395
16231;0.95
16359;0.9506
16459;0.9483
16564;0.9429
16664;0.9496
16781;0.9534
16881;0.9479
16981;0.956
17081;0.9563
17181;0.9542
17306;0.9562
17406;0.943
17506;0.9492
17622;0.957
17722;0.954
17822;0.9554
17926;0.9505
18026;0.9491
18126;0.9524
18226;0.9543
18326;0.9605
18426;0.9638
18526;0.9626
18644;0.9578
18767;0.9639
18868;0.9657
18968;0.9643
19068;0.961
19168;0.9601
19268;0.9692
19381;0.9607
19481;0.9635
19581;0.962
19681;0.9736
19876;0.9709
20025;0.9667
20125;0.9691
20225;0.9715
20325;0.9728
20425;0.9708
20525;0.9719
20628;0.9702
20728;0.9704
20870;0.9694
20976;0.9702
21076;0.971
21205;0.9735
21305;0.9757
21405;0.9757
21516;0.9759
21616;0.9784
21716;0.9751
21816;0.976
21916;0.9771
22016;0.9742
22116;0.9771
22216;0.9674
22316;0.9703
22416;0.976
22516;0.976
22624;0.9771
22724;0.9756
22885;0.974
23020;0.976
23120;0.9758
23259;0.9748
23359;0.9732
23463;0.9727
23563;0.9716
23663;0.9781
23763;0.9651
23863;0.9746
23963;0.9778
24085;0.9774
24185;0.9744
24325;0.979
24425;0.9693
24525;0.9763
24625;0.9765
24725;0.9771
24825;0.975
24925;0.958
25025;0.967
25125;0.9746
25225;0.9682
25325;0.9666
25425;0.9764
25525;0.9811
25625;0.9795
25725;0.9787
25825;0.9824
25925;0.9798
26053;0.9535
26158;0.9829
26285;0.9804
26392;0.9773
26508;0.9827
26608;0.9815
26725;0.9776
26835;0.9795
26988;0.9808
27088;0.9839
27188;0.9845
27288;0.9847
27453;0.9848
27553;0.9839
27661;0.9868
27761;0.9866
27922;0.9863
28040;0.9776
28140;0.9865
28251;0.9824
28351;0.9817
28451;0.9875
28551;0.9873
28651;0.9872
28751;0.9853
28877;0.9873
28977;0.9855
29099;0.9858
29232;0.9869
29332;0.9875
29432;0.9823
29532;0.9884
29632;0.9902
29732;0.991
29832;0.9863
29932;0.9881
30032;0.9911
30132;0.991
30232;0.9909
30355;0.9895
30481;0.988
30587;0.9858
30695;0.9885
30795;0.9904
30912;0.9915
31012;0.9922
31112;0.9917
31212;0.9919
31319;0.9911
31419;0.9912
31519;0.9918
31619;0.9919
31719;0.9917
31819;0.9913
31919;0.9913
32019;0.9913
32147;0.9913
32247;0.991
32347;0.9918
32447;0.9911
32565;0.9919
32691;0.9913
32826;0.9921
32930;0.9923
33064;0.9923
33164;0.9902
33264;0.9916
33374;0.9918
33474;0.9911
33580;0.9913
33680;0.9913
33788;0.992
33888;0.9922
33988;0.986
34088;0.9862
34188;0.9907
34288;0.9885
34388;0.99
34488;0.9905
34605;0.989
34705;0.993
34805;0.9931
34905;0.993
35005;0.993
35128;0.993
35228;0.993
35328;0.993
35428;0.993
35528;0.9931
35628;0.993
35743;0.9931
35843;0.9932
35947;0.9931
36047;0.9931
36147;0.993
36254;0.993
36365;0.9929
36503;0.9931
36603;0.993
36703;0.9931
36807;0.9931
36907;0.9931
37007;0.9931
37107;0.9931
37207;0.9929
37307;0.9927
37409;0.9927
37509;0.9927
37609;0.9923
37709;0.9922
37809;0.9872
37909;0.9839
38009;0.9893
38109;0.986
38209;0.9842
244394;FOUND
