10104;START
10104;0.8908
10204;0.8908
10304;0.8908
10404;0.8908
10504;0.8908
10604;0.8908
10711;0.8908
10811;0.8908
10911;0.8908
11014;0.8908
11114;0.8908
11254;0.8908
11354;0.8908
11454;0.8908
11575;0.8908
11712;0.8908
11812;0.8908
11955;0.8908
12055;0.8908
12155;0.8908
12255;0.8908
12377;0.8908
12491;0.8908
12591;0.8908
12691;0.8908
12800;0.8908
12902;0.8908
13010;0.8916
13110;0.9124
13210;0.9065
13310;0.9166
13416;0.9153
13533;0.9138
13633;0.9102
13733;0.917
13857;0.9201
13957;0.9156
14057;0.9213
14157;0.9247
14257;0.9256
14385;0.9217
14485;0.9169
14585;0.9216
14685;0.9233
14785;0.9178
14885;0.9299
14985;0.9302
15085;0.8888
15185;0.9167
15285;0.9116
15385;0.9342
15485;0.9435
15585;0.9379
15685;0.9312
15785;0.9398
15945;0.9462
16045;0.9263
16145;0.9478
16245;0.9469
16345;0.9462
16445;0.9435
16545;0.9384
16691;0.9461
16791;0.9456
16891;0.9383
16991;0.947
17091;0.9512
17191;0.9379
17291;0.9527
17391;0.9525
17491;0.9561
17591;0.9549
17691;0.9475
17835;0.9469
17935;0.932
18035;0.9587
18135;0.9564
18235;0.9489
18335;0.9448
18435;0.9607
18558;0.959
18665;0.9569
18765;0.9603
18904;0.9634
19004;0.963
19127;0.9583
19227;0.9566
19327;0.9631
19445;0.9694
19545;0.9598
19645;0.9729
19763;0.9682
19863;0.9651
19984;0.9628
20084;0.9739
20184;0.9637
20336;0.9715
20436;0.9667
20536;0.9714
20636;0.9708
20736;0.9722
20836;0.971
20936;0.9759
21036;0.975
21153;0.9755
21253;0.9751
21380;0.9767
21489;0.9754
21589;0.9743
21689;0.9752
21789;0.9731
21901;0.9685
22001;0.9723
22101;0.969
22224;0.9683
22324;0.972
22424;0.9659
22544;0.9576
22644;0.9462
22744;0.9618
22844;0.9463
22974;0.9747
23074;0.9724
23174;0.9716
23274;0.9576
23399;0.967
23499;0.9743
23603;0.977
23703;0.9744
23803;0.9764
23908;0.9761
24008;0.9766
24108;0.9765
24227;0.9782
24327;0.9781
24427;0.9755
24527;0.9769
24627;0.9777
24727;0.9778
24827;0.9781
24927;0.9751
25078;0.9779
25178;0.9774
25285;0.9742
25398;0.9766
25513;0.9759
25613;0.9763
25748;0.9645
25848;0.9782
25948;0.9775
26048;0.9771
26148;0.9775
26248;0.9727
26364;0.9771
26473;0.974
26593;0.9743
26693;0.9754
26793;0.9566
26907;0.974
27007;0.9761
27107;0.9753
27207;0.9744
27307;0.9759
27409;0.9756
27509;0.9775
27614;0.9699
27714;0.9741
27814;0.9743
27923;0.975
28052;0.9749
28152;0.9752
28252;0.9773
28364;0.9784
28464;0.9787
28599;0.9759
28704;0.9756
28855;0.96
28966;0.9756
29066;0.9733
29198;0.9748
29298;0.9731
29442;0.9695
29542;0.9709
29642;0.9725
29742;0.9757
29846;0.9693
29946;0.9736
30046;0.9789
30146;0.9724
30246;0.9643
30346;0.9741
30473;0.9769
30573;0.9778
30673;0.9764
30773;0.9693
30891;0.9534
30991;0.9675
31127;0.9744
31227;0.9785
31353;0.9786
31453;0.9783
31553;0.9791
31653;0.9785
31753;0.9746
31856;0.9683
32002;0.9795
32106;0.9774
32221;0.9789
32323;0.9776
32423;0.9792
32523;0.9785
32623;0.9796
32727;0.9727
32827;0.9794
32927;0.9794
33032;0.9781
33132;0.9771
33236;0.9787
33336;0.9795
33436;0.98
33536;0.9809
33636;0.9808
33736;0.9793
33836;0.9754
33961;0.9793
34061;0.9778
34161;0.9792
34285;0.9748
34430;0.9745
34530;0.9764
34630;0.9782
34730;0.9792
34830;0.979
34930;0.9808
35037;0.9791
35139;0.9756
35239;0.9822
35339;0.9507
79747;FOUND
