10100;START
10100;0.8919
10243;0.8919
10347;0.8919
10447;0.8919
10547;0.8919
10655;0.8919
10755;0.8919
10855;0.8919
10955;0.8919
11065;0.8919
11184;0.8919
11284;0.8919
11392;0.8919
11499;0.8919
11599;0.8919
11699;0.8919
11799;0.8919
11899;0.8919
11999;0.8919
12099;0.8919
12199;0.8919
12299;0.8919
12399;0.8919
12499;0.8919
12599;0.8919
12744;0.8919
12844;0.8919
12965;0.8919
13066;0.8919
13166;0.8919
13266;0.8919
13366;0.8919
13467;0.8919
13567;0.893
13667;0.9116
13767;0.916
13867;0.9131
13967;0.9182
14067;0.9153
14167;0.9175
14280;0.923
14380;0.9188
14538;0.9215
14638;0.9263
14769;0.9246
14869;0.9248
14969;0.9064
15097;0.9238
15221;0.9243
15332;0.9277
15432;0.884
15552;0.9198
15654;0.9213
15754;0.9261
15859;0.9254
15959;0.9322
16059;0.9141
16185;0.914
16285;0.9254
16385;0.9235
16493;0.9325
16593;0.9244
16693;0.9349
16793;0.9345
16912;0.937
17012;0.9368
17117;0.9288
17217;0.9383
17317;0.9389
17427;0.9247
17527;0.9441
17627;0.9471
17727;0.9467
17827;0.9471
17927;0.9513
18040;0.9528
18140;0.9543
18240;0.949
18340;0.9547
18469;0.9538
18569;0.9517
18669;0.9464
18790;0.9526
18890;0.9551
19042;0.9542
19146;0.9507
19246;0.9541
19346;0.9539
19461;0.955
19561;0.9556
19661;0.9511
19761;0.9533
19861;0.9517
19974;0.9541
20089;0.9431
20189;0.9532
20289;0.9559
20389;0.9496
20500;0.9547
20601;0.9502
20701;0.9586
20801;0.9562
20901;0.9602
21001;0.9606
21101;0.9584
21266;0.9514
21380;0.9588
21483;0.9575
21583;0.9607
21689;0.9603
21789;0.9627
21889;0.9643
21989;0.9627
22089;0.9642
22209;0.963
22335;0.965
22435;0.9677
22535;0.9643
22635;0.9691
22735;0.97
22835;0.9666
22935;0.9706
23035;0.9622
23135;0.9727
23235;0.9731
23341;0.9711
23441;0.9653
23561;0.9707
23661;0.9657
23801;0.9705
23901;0.974
24001;0.9752
24149;0.9743
24249;0.9753
24396;0.9751
24496;0.9747
24596;0.9739
24696;0.9702
24809;0.969
24919;0.9718
25049;0.9713
25149;0.9714
25249;0.9736
25356;0.9712
25471;0.9687
25571;0.9717
25671;0.9752
25771;0.9744
25871;0.976
25971;0.9748
26071;0.975
26171;0.9747
26288;0.9766
26388;0.9736
26488;0.9744
26588;0.9754
26697;0.9755
26807;0.9739
26907;0.9761
27007;0.9746
27107;0.9747
27209;0.974
27339;0.9702
27439;0.9499
27539;0.9684
27639;0.9752
27776;0.9757
27876;0.9741
27976;0.9773
28076;0.9771
28183;0.9766
28283;0.977
28420;0.9768
28520;0.9759
28620;0.9764
28720;0.9766
28820;0.9733
28937;0.9738
29037;0.9763
29137;0.9765
29274;0.9745
29374;0.976
29474;0.9766
29574;0.9768
29681;0.9763
29781;0.9759
29974;0.9773
30105;0.9772
30205;0.9756
30343;0.9753
30443;0.9751
30543;0.9772
30649;0.9774
30753;0.9775
30853;0.9768
30953;0.9744
31053;0.9726
31153;0.9767
31253;0.9739
31385;0.9746
31485;0.9733
31585;0.9727
31685;0.9754
31785;0.9768
31885;0.9772
31985;0.9752
32102;0.9784
32202;0.9787
32302;0.9791
32402;0.979
32502;0.9794
32602;0.979
32702;0.9585
32802;0.9706
32902;0.9695
33002;0.967
33102;0.9762
33202;0.9734
33302;0.9764
33424;0.9701
33524;0.9737
33624;0.9755
33727;0.9793
33850;0.9731
33997;0.976
34110;0.9737
34210;0.9784
34328;0.982
34441;0.9814
34577;0.9825
34677;0.9689
34798;0.9788
34898;0.9781
34998;0.9787
35098;0.9806
35198;0.9806
35298;0.9816
35407;0.9839
35507;0.9816
35607;0.9813
35707;0.9815
35807;0.9819
35907;0.9841
36007;0.9769
36107;0.9822
36207;0.9761
36307;0.9824
36421;0.9864
36521;0.9839
36621;0.9717
36721;0.9887
36821;0.9854
36924;0.9814
37069;0.9858
37169;0.9881
37269;0.9892
37400;0.9899
37520;0.9903
37624;0.9906
37724;0.9812
37824;0.9889
37924;0.9905
38045;0.9911
38145;0.9914
38245;0.9907
38354;0.9913
38464;0.9899
38669;0.9887
38772;0.9919
38872;0.9865
38980;0.9801
39099;0.9856
39224;0.9887
39337;0.9906
39443;0.9903
39551;0.9912
39651;0.9921
39751;0.9921
39851;0.991
39951;0.979
40051;0.9863
40175;0.9883
40278;0.9883
40378;0.9848
40478;0.9852
40578;0.9864
40678;0.9894
40798;0.9871
40898;0.9825
40998;0.9907
41098;0.9901
41198;0.9917
41310;0.9911
41410;0.9888
41526;0.9901
41626;0.98
41726;0.9885
41850;0.9904
41950;0.9924
42089;0.9921
42189;0.993
42289;0.9926
42423;0.9928
42523;0.993
42623;0.9933
42723;0.9928
42825;0.9928
42925;0.9928
43053;0.993
43153;0.9931
43253;0.993
43353;0.9848
43453;0.9901
43587;0.9908
43703;0.9925
43803;0.9916
43903;0.988
44003;0.9906
44103;0.9902
44253;0.9893
44353;0.9894
44460;0.9846
44560;0.9893
44670;0.9894
44791;0.9909
44900;0.9924
45000;0.9911
45100;0.9866
45200;0.9862
45300;0.993
45400;0.9925
45500;0.992
45626;0.9896
45751;0.9904
45853;0.9922
45953;0.9904
46053;0.9929
46153;0.9934
46253;0.9934
46353;0.9931
46453;0.9925
46553;0.9931
46653;0.9928
46788;0.991
46888;0.9906
46988;0.9899
47088;0.9928
47188;0.9904
47288;0.9931
47388;0.991
47488;0.9898
47591;0.988
47691;0.9878
47808;0.9815
327669;FOUND
