10100;START
10100;0.8889
10200;0.8889
10326;0.8889
10438;0.8889
10538;0.8889
10649;0.8889
10768;0.8889
10868;0.8889
10968;0.8889
11104;0.8889
11219;0.8889
11319;0.8889
11465;0.8889
11583;0.8889
11683;0.8889
11783;0.8889
11883;0.8889
12017;0.8889
12126;0.8889
12226;0.8889
12326;0.8889
12426;0.8889
12530;0.8889
12630;0.8889
12731;0.8889
12835;0.8889
12935;0.8889
13049;0.8889
13149;0.8889
13249;0.8889
13349;0.8889
13449;0.8889
13549;0.8889
13649;0.8889
13749;0.8889
13849;0.8889
13949;0.8992
14108;0.9033
14208;0.904
14308;0.9067
14408;0.9041
14508;0.908
14608;0.9059
14708;0.9072
14808;0.8982
14908;0.9084
15008;0.9085
15108;0.9095
15208;0.904
15322;0.9131
15422;0.9131
15522;0.9144
15622;0.9116
15728;0.9088
15852;0.9137
15952;0.9105
16052;0.9126
16152;0.9144
16252;0.9139
16352;0.9148
16452;0.9162
16552;0.9138
16658;0.9143
16758;0.9114
16858;0.9141
16961;0.9146
17061;0.9176
17161;0.9119
17271;0.9068
17371;0.9126
17482;0.9168
17582;0.9179
17682;0.9172
17782;0.9152
17882;0.9127
17982;0.9145
18129;0.9139
18229;0.9174
18329;0.903
18475;0.9145
18575;0.9166
18675;0.921
18775;0.9233
18875;0.9226
19009;0.9212
19156;0.9192
19256;0.926
19356;0.928
19490;0.93
19626;0.9318
19753;0.9329
19853;0.9125
19961;0.917
20061;0.9332
20180;0.9394
20321;0.9383
20482;0.9397
20582;0.9273
20682;0.9418
20782;0.9484
20882;0.9493
20987;0.9501
21087;0.9516
21187;0.9545
21287;0.9522
21404;0.9463
21518;0.9556
21618;0.9568
21718;0.9547
21819;0.958
21919;0.9525
22019;0.9524
22119;0.959
22234;0.9595
22351;0.9615
22451;0.9526
22551;0.9609
22651;0.9601
22795;0.9551
22895;0.9626
22995;0.9644
23095;0.9524
23198;0.9656
23298;0.9636
23398;0.9658
23498;0.9627
23598;0.9642
23698;0.9353
23798;0.9519
23924;0.9563
24024;0.9616
24124;0.9643
24287;0.9622
24387;0.9662
24510;0.9648
24610;0.9684
24710;0.9696
24848;0.9671
24948;0.9678
25048;0.9717
25148;0.9532
25287;0.969
25387;0.9712
25490;0.9562
25601;0.971
25701;0.971
25859;0.9702
25961;0.9703
26069;0.968
26197;0.9669
26297;0.9712
26397;0.9733
26498;0.9751
26598;0.9714
26724;0.9689
26919;0.9712
27019;0.9766
27119;0.9767
27247;0.9781
27347;0.9735
27467;0.9798
27567;0.9793
27667;0.9802
27780;0.9797
27880;0.981
27980;0.98
28082;0.982
28182;0.967
28309;0.9783
28409;0.9781
28509;0.9784
28609;0.982
28709;0.9826
28809;0.9835
28909;0.978
29009;0.9825
29109;0.9839
29209;0.9835
29309;0.9807
29409;0.9801
29509;0.9784
29609;0.9825
29741;0.9811
29841;0.9846
29941;0.9807
30061;0.9851
30161;0.9816
30261;0.9836
30362;0.986
30469;0.9825
30589;0.9857
30728;0.9804
30828;0.9814
30953;0.9864
31055;0.9885
31164;0.9888
31264;0.988
31364;0.9873
31464;0.9728
31564;0.9721
31664;0.9876
31764;0.9894
31864;0.9882
31964;0.9859
32064;0.9859
32220;0.9826
32320;0.9817
32420;0.9868
32520;0.9861
32626;0.9858
32732;0.9851
32832;0.9768
32932;0.9877
33032;0.9867
33132;0.9898
33232;0.9903
33365;0.9901
33465;0.989
33565;0.9908
33689;0.991
33789;0.9894
33893;0.9889
33993;0.9875
34093;0.9889
34193;0.9903
34293;0.9914
34401;0.99
34501;0.9918
34601;0.981
34701;0.9912
34819;0.9866
34919;0.9809
35031;0.9886
35133;0.9893
35244;0.9904
35344;0.9899
35453;0.9887
35601;0.9921
35728;0.9921
35828;0.9926
35928;0.9926
36028;0.9928
36128;0.9918
36228;0.9923
36368;0.9916
36468;0.9919
36568;0.9895
36709;0.9927
36812;0.9912
36919;0.9913
37019;0.9919
37119;0.978
37219;0.989
37331;0.9915
37431;0.9903
37531;0.9918
37631;0.9883
37731;0.9905
37831;0.991
37931;0.9911
38058;0.99
38158;0.9892
38258;0.9888
38358;0.9891
38458;0.9918
38558;0.9905
38658;0.9901
38771;0.9929
38871;0.9934
38971;0.9935
39085;0.9932
39217;0.9933
39317;0.9938
39462;0.9933
39562;0.9929
39662;0.9927
39762;0.9928
39885;0.9924
39985;0.9932
40085;0.9914
40185;0.9931
40285;0.993
40391;0.992
40491;0.992
40591;0.9864
40698;0.9921
40798;0.9919
40952;0.9914
41084;0.9898
41184;0.9905
41284;0.9906
41384;0.9914
41551;0.991
41651;0.99
41751;0.9896
41869;0.9916
41969;0.9925
42080;0.9913
42180;0.9874
42280;0.9813
42380;0.9898
42519;0.9918
42619;0.9882
42719;0.9871
42819;0.9907
42919;0.9902
43019;0.992
43156;0.9929
43270;0.993
43370;0.9931
43470;0.9933
43596;0.9932
43696;0.9934
43796;0.9934
43912;0.9934
44037;0.9935
44143;0.9936
44249;0.9936
44349;0.9905
44449;0.9911
44549;0.9907
44649;0.9915
44749;0.9924
44849;0.9923
44955;0.9929
45062;0.9926
45174;0.9888
45286;0.9838
45386;0.9919
45486;0.9863
45586;0.9835
45686;0.9903
45786;0.9914
45886;0.9916
45986;0.9924
46101;0.9927
46206;0.9929
46306;0.9924
46406;0.992
46540;0.9927
46640;0.9919
46740;0.9877
46840;0.9897
46940;0.9929
47040;0.9925
236270;FOUND
