10100;START
10100;0.8944
10223;0.8944
10323;0.8944
10434;0.8944
10535;0.8944
10635;0.8944
10735;0.8944
10835;0.8944
10935;0.8944
11047;0.8944
11147;0.8944
11269;0.8944
11369;0.8944
11474;0.8944
11574;0.8944
11674;0.8944
11774;0.8944
11881;0.8944
11981;0.8944
12113;0.8944
12213;0.8944
12313;0.8944
12413;0.8944
12513;0.8946
12617;0.8965
12717;0.9088
12865;0.9094
12965;0.9063
13065;0.9115
13165;0.911
13294;0.9117
13394;0.9114
13494;0.8912
13649;0.9108
13749;0.9126
13849;0.9134
13972;0.9121
14072;0.9154
14172;0.9173
14280;0.9169
14387;0.9128
14487;0.9014
14594;0.9133
14694;0.9022
14824;0.9135
14950;0.9163
15050;0.9117
15184;0.9102
15284;0.9052
15406;0.9134
15506;0.9139
15673;0.9117
15773;0.9038
15873;0.9115
15973;0.9146
16073;0.9132
16173;0.9198
16273;0.9162
16373;0.9151
16473;0.9196
16573;0.9244
16727;0.9254
16906;0.9208
17006;0.9245
17106;0.9281
17208;0.9297
17308;0.9301
17408;0.9276
17513;0.8992
17613;0.9261
17713;0.9188
17813;0.9249
17913;0.9145
18013;0.9308
18113;0.9355
18244;0.9415
18344;0.9445
18454;0.9418
18554;0.9345
18654;0.9321
18782;0.9375
18882;0.9412
19029;0.9327
19149;0.9396
19249;0.9369
19349;0.9414
19449;0.9451
19549;0.9425
19670;0.9441
19770;0.9491
19903;0.955
20030;0.9544
20130;0.9428
20231;0.9494
20331;0.9515
20431;0.9551
20540;0.9555
20697;0.9576
20852;0.9467
20952;0.9575
21052;0.9584
21176;0.9538
21276;0.9584
21376;0.9566
21487;0.9598
21616;0.9579
21728;0.9593
21828;0.9608
21954;0.962
22054;0.9614
22154;0.9601
22254;0.9602
22367;0.9578
22467;0.9597
22567;0.9544
22670;0.9603
22770;0.9577
22872;0.957
22988;0.9576
23088;0.9587
23188;0.9565
23288;0.9574
23392;0.957
23492;0.9316
23598;0.9571
23714;0.9605
23842;0.9625
23971;0.9631
24071;0.9538
24171;0.9533
24271;0.9597
24371;0.9544
24471;0.9594
24571;0.963
24703;0.9592
24803;0.9635
24903;0.9614
25015;0.9637
25115;0.963
25215;0.9653
25315;0.9657
25458;0.9651
25558;0.9598
25680;0.9639
25780;0.9646
25880;0.9656
25980;0.9638
26080;0.9577
26180;0.9647
26280;0.9605
26380;0.966
26480;0.9655
26585;0.9609
26685;0.9654
26790;0.9646
26890;0.9646
26990;0.9643
27090;0.9676
27190;0.9602
27293;0.9629
27393;0.9674
27502;0.9561
27645;0.9668
27761;0.952
27861;0.9625
27961;0.9668
28061;0.9679
28244;0.9697
28344;0.9704
28444;0.9685
28565;0.9703
28665;0.9672
28765;0.9711
28865;0.9708
28965;0.9715
29091;0.9674
29191;0.963
29291;0.9737
29391;0.974
29491;0.9726
29591;0.9759
29691;0.9755
29825;0.9748
29925;0.9748
30025;0.9753
30125;0.9746
30225;0.9688
30325;0.9755
30425;0.9709
30528;0.9738
30670;0.9746
30820;0.9728
30920;0.9704
31020;0.975
31145;0.9751
31245;0.9749
31345;0.9735
31445;0.9752
31545;0.9675
31653;0.9763
31762;0.9715
31862;0.9759
31962;0.9749
32074;0.9751
32174;0.973
32274;0.9759
32374;0.9763
32502;0.9765
32620;0.9761
32720;0.9764
32837;0.9773
32937;0.9772
33037;0.9776
33137;0.9782
33249;0.977
33349;0.9784
33478;0.9784
33578;0.9786
33678;0.9785
33778;0.9764
33878;0.9784
33978;0.9762
34078;0.978
34178;0.976
34278;0.977
34392;0.9747
34492;0.9747
34592;0.975
34749;0.9745
34849;0.9683
34949;0.9751
35049;0.977
35149;0.9755
35324;0.9767
35498;0.9748
35598;0.9771
35745;0.9768
35845;0.9756
35945;0.9768
36067;0.9722
36167;0.9767
36267;0.9765
36367;0.9785
36467;0.9785
36583;0.9787
36683;0.9762
36805;0.9807
36905;0.979
37048;0.9805
37192;0.9798
37292;0.9794
37392;0.9771
37492;0.9765
37592;0.976
37692;0.9766
37792;0.9792
37892;0.9772
37992;0.9804
38096;0.9786
38196;0.9812
38296;0.9816
38396;0.9815
38496;0.9762
38606;0.981
38706;0.9766
38817;0.9714
38917;0.9782
39017;0.979
39146;0.9777
39269;0.9821
39369;0.98
39544;0.9798
39644;0.9813
39744;0.9785
39844;0.9844
39944;0.9787
40044;0.9798
40144;0.9822
40321;0.9845
40421;0.9803
40521;0.982
40621;0.9842
40721;0.9856
40821;0.9746
40921;0.9799
41044;0.9817
41203;0.978
41303;0.981
41403;0.9783
41503;0.9823
41603;0.9838
41703;0.9846
41815;0.9771
41915;0.9766
42015;0.9812
42115;0.9835
42237;0.9841
42337;0.9865
42437;0.987
42548;0.9841
42648;0.9841
42748;0.9854
42848;0.9847
42948;0.9849
43048;0.9867
43153;0.9853
43253;0.9853
43353;0.9843
43453;0.9863
43553;0.9831
43653;0.9812
43753;0.9861
43853;0.98
43964;0.9877
44064;0.9895
44164;0.9892
44295;0.9879
44430;0.9892
44530;0.9893
44630;0.9863
44748;0.9851
44884;0.9901
45046;0.9868
45160;0.9899
45291;0.9886
45391;0.9887
45518;0.9889
45618;0.9893
45718;0.991
45818;0.9905
45918;0.9906
46018;0.9866
46122;0.9871
46260;0.99
46378;0.9889
46525;0.9887
46687;0.9891
46787;0.9901
46887;0.9869
46987;0.9913
47087;0.9901
47206;0.9899
47306;0.9891
47406;0.9907
47506;0.9888
47606;0.9878
47706;0.9882
47808;0.9912
47908;0.9882
48008;0.9858
48108;0.9903
48225;0.9895
48325;0.9868
48425;0.9893
48525;0.9894
48643;0.9901
48768;0.9904
48870;0.9907
48970;0.9895
49070;0.9884
49170;0.9905
49270;0.987
49470;0.988
49570;0.9917
49696;0.9917
49796;0.9919
49896;0.9917
49996;0.9838
50137;0.992
50305;0.99
50412;0.9882
50512;0.9906
50612;0.991
50712;0.9905
50840;0.9906
50940;0.9916
51040;0.99
51140;0.9905
51240;0.991
51348;0.9919
51448;0.992
51548;0.9921
51648;0.9914
51748;0.991
51848;0.9919
51951;0.9919
52066;0.9921
52166;0.9924
52269;0.9921
52369;0.9875
52469;0.9923
52597;0.9919
52756;0.9904
52856;0.9887
52974;0.9921
53094;0.9912
53194;0.9916
53294;0.992
53406;0.9916
53506;0.9915
53612;0.9915
53720;0.9909
53820;0.9915
53920;0.9925
54020;0.9924
54120;0.9925
54220;0.9924
54340;0.9925
54440;0.9922
54548;0.992
54678;0.9923
54799;0.992
54950;0.9923
55050;0.9924
55168;0.9924
55268;0.9923
55400;0.9923
55500;0.9923
55600;0.9922
55700;0.9898
55800;0.9907
55913;0.9926
56013;0.9921
56117;0.9912
56217;0.9912
56317;0.9914
56417;0.9913
56517;0.9922
56617;0.9901
56717;0.9918
56817;0.9919
56917;0.9921
57017;0.992
57117;0.992
57217;0.9918
57317;0.9919
57421;0.9919
57521;0.9918
57633;0.9913
57733;0.9916
57857;0.9896
57957;0.9901
58057;0.9895
58157;0.9924
58257;0.992
58357;0.9919
58457;0.9819
58557;0.9924
58657;0.9905
58777;0.9922
58899;0.992
58999;0.991
59108;0.9893
59208;0.9912
59312;0.991
59412;0.9915
59512;0.9919
59612;0.9919
59712;0.9918
59842;0.9918
59955;0.9915
60055;0.9862
60155;0.9627
60255;0.9831
60379;0.9848
60486;0.9848
60596;0.983
60696;0.9858
60832;0.9907
60949;0.9859
61081;0.991
61181;0.9915
61281;0.9914
61386;0.9841
61486;0.9925
61595;0.9912
61709;0.9918
61809;0.9915
61925;0.9919
62025;0.9917
62125;0.9917
62225;0.9923
62325;0.9924
62425;0.9924
62525;0.9927
62630;0.9924
62738;0.9924
62842;0.9927
62942;0.9928
63042;0.9931
63142;0.9932
63242;0.9927
63342;0.9928
63577;0.9929
63677;0.9934
63777;0.9828
63877;0.9914
63977;0.9921
64077;0.9916
64177;0.992
64277;0.9897
64394;0.9913
64494;0.9914
430257;FOUND
