10100;START
10100;0.8904
10200;0.8904
10300;0.8904
10402;0.8904
10502;0.8904
10602;0.8904
10702;0.8904
10802;0.8904
10911;0.8904
11011;0.8904
11111;0.8904
11211;0.8904
11311;0.8904
11417;0.8904
11572;0.8904
11672;0.8904
11772;0.8904
11872;0.8929
11972;0.8937
12072;0.8948
12189;0.8977
12289;0.8994
12418;0.9039
12518;0.9017
12633;0.914
12745;0.9159
12876;0.9132
12976;0.9157
13076;0.9134
13190;0.9148
13317;0.9132
13417;0.9157
13538;0.9173
13638;0.9178
13738;0.9219
13898;0.9218
13998;0.9208
14098;0.9155
14209;0.9177
14309;0.9249
14446;0.934
14552;0.9327
14655;0.933
14771;0.9329
14871;0.9359
14971;0.9402
15071;0.9417
15219;0.9421
15319;0.9415
15442;0.9413
15542;0.9405
15642;0.9402
15748;0.943
15848;0.941
15948;0.9346
16059;0.9441
16188;0.9462
16301;0.9461
16433;0.9356
16533;0.946
16633;0.9478
16733;0.9473
16833;0.941
16933;0.9474
17033;0.9463
17142;0.9426
17264;0.9314
17364;0.9478
17464;0.9212
17564;0.9459
17705;0.9474
17805;0.9484
17931;0.9483
18041;0.9501
18185;0.9505
18285;0.9505
18409;0.9486
18509;0.9466
18609;0.9415
18725;0.9396
18825;0.9432
18938;0.9397
19038;0.9494
19138;0.9498
19238;0.9473
19369;0.9442
19469;0.9471
19569;0.9448
19669;0.9491
19788;0.9474
19888;0.9483
19996;0.9471
20101;0.9506
20233;0.951
20333;0.9469
20439;0.9453
20539;0.9502
20642;0.9485
20742;0.9503
20856;0.9465
20956;0.9485
21056;0.9468
21156;0.9501
21256;0.9497
21356;0.9484
21457;0.9502
21557;0.9528
21679;0.9546
21779;0.9535
21879;0.9555
21979;0.9562
22109;0.9564
22209;0.9565
22309;0.9564
22409;0.9528
22509;0.9549
22639;0.9531
22751;0.9552
22863;0.9576
22973;0.9585
23073;0.9604
23202;0.9616
23302;0.962
23421;0.9586
23521;0.9665
23621;0.9673
23721;0.968
23821;0.9639
23921;0.9714
24021;0.9714
24121;0.9722
24221;0.9709
24324;0.9644
24424;0.9688
24524;0.9635
24624;0.9711
24724;0.9721
24885;0.9735
25006;0.9711
25135;0.9721
25277;0.9699
25388;0.9754
25488;0.976
25588;0.9757
25688;0.9752
25788;0.9754
25902;0.9737
26002;0.9711
26102;0.9766
26202;0.956
26302;0.9714
26421;0.9696
26521;0.9759
26621;0.9736
26721;0.9757
26821;0.9787
26921;0.9784
27034;0.9788
27134;0.9775
27286;0.9776
27395;0.9745
27495;0.9763
27595;0.9768
27695;0.9777
27795;0.979
27929;0.9788
28052;0.9787
28152;0.9791
28252;0.978
28361;0.9768
28552;0.9774
28652;0.9779
28752;0.9785
28852;0.9787
28952;0.977
29062;0.9725
29173;0.9756
29273;0.9787
29373;0.9769
29537;0.9798
29637;0.9798
29737;0.9798
29889;0.9788
29989;0.979
30089;0.9777
30189;0.9786
30289;0.9789
30392;0.979
30492;0.9677
30592;0.975
30692;0.9684
30826;0.9675
30926;0.9677
31026;0.9726
31158;0.9771
31258;0.9765
31371;0.9765
31471;0.9607
31572;0.9774
31714;0.9777
31816;0.9783
31916;0.9766
32016;0.9788
32145;0.9789
32245;0.975
32345;0.9637
32445;0.9719
32545;0.9728
32645;0.9752
32745;0.9752
32845;0.9714
33024;0.9774
33124;0.9788
33224;0.9786
33324;0.9752
33426;0.9785
33530;0.9788
33630;0.9784
33730;0.9781
33830;0.9768
33930;0.9791
34030;0.9785
34140;0.977
34240;0.9776
34340;0.9785
34440;0.9768
34540;0.9796
34655;0.9799
34755;0.9702
34855;0.9802
34955;0.979
35059;0.9748
35159;0.9733
35259;0.9781
35359;0.9806
35459;0.9744
35585;0.9791
35685;0.9764
35802;0.9736
35902;0.9778
36002;0.98
36102;0.9799
36215;0.9785
36315;0.9806
36415;0.9808
36515;0.9808
36615;0.9804
36716;0.9804
36832;0.9803
36932;0.9802
37032;0.9802
37132;0.9801
37232;0.9801
37332;0.9806
37465;0.9807
37565;0.9792
37665;0.9771
37765;0.9784
37865;0.9785
37995;0.9766
38095;0.974
38195;0.9785
38301;0.9771
38401;0.9721
377126;FOUND
