10100;START
10100;0.8921
10212;0.8921
10338;0.8921
10438;0.8921
10538;0.8921
10638;0.8921
10761;0.8921
10861;0.8921
10970;0.8921
11101;0.8921
11221;0.8921
11341;0.8921
11441;0.8921
11541;0.8921
11641;0.8921
11741;0.8921
11841;0.8921
11999;0.8921
12099;0.8921
12199;0.8921
12299;0.8921
12399;0.8921
12499;0.8914
12619;0.8921
12719;0.8921
12819;0.8914
12919;0.8925
13019;0.8923
13129;0.9085
13229;0.9167
13348;0.9211
13448;0.9233
13548;0.9264
13648;0.9249
13769;0.9271
13869;0.9272
13969;0.9287
14075;0.9249
14220;0.9244
14323;0.9244
14423;0.9304
14546;0.9314
14646;0.9193
14746;0.9292
14846;0.9352
14946;0.936
15046;0.9205
15165;0.9412
15270;0.9426
15370;0.9473
15470;0.9464
15570;0.9536
15670;0.9385
15796;0.9491
15896;0.9487
15996;0.9529
16096;0.9474
16196;0.9565
16315;0.9555
16415;0.9525
16517;0.9552
16617;0.9549
16717;0.9583
16817;0.9587
16917;0.945
17017;0.9521
17117;0.9397
17217;0.9471
17317;0.9456
17436;0.9504
17555;0.9438
17655;0.9536
17755;0.9536
17855;0.9483
17955;0.9209
18055;0.9382
18155;0.9382
18255;0.9544
18355;0.955
18469;0.9536
18617;0.9496
18719;0.9523
18819;0.9553
18939;0.9622
19039;0.9532
19183;0.9598
19286;0.9617
19386;0.9622
19500;0.962
19600;0.9625
19700;0.9492
19824;0.9589
19945;0.9634
20045;0.9589
20150;0.9628
20250;0.9619
20361;0.9634
20461;0.9627
20564;0.9649
20664;0.9617
20764;0.9628
20864;0.966
20964;0.9547
21064;0.96
21164;0.9637
21298;0.9649
21421;0.9653
21521;0.9606
21621;0.944
21721;0.9579
21840;0.9641
21940;0.9659
22069;0.9695
22169;0.9686
22305;0.9677
22454;0.9616
22554;0.9707
22665;0.9666
22765;0.9653
22933;0.9627
23033;0.9681
23133;0.9727
23233;0.9753
23333;0.9757
23433;0.9798
23577;0.9632
23677;0.9568
23786;0.975
23886;0.9715
24008;0.968
24108;0.9661
24208;0.9661
24309;0.9741
24409;0.9749
24516;0.9759
24616;0.9772
24730;0.9813
24895;0.9813
25034;0.9766
25134;0.9738
25234;0.9818
25365;0.9812
25465;0.984
25565;0.9815
25665;0.9729
25765;0.9686
25865;0.9671
25965;0.9814
26088;0.9815
26188;0.98
26327;0.979
26463;0.9814
26563;0.9819
26663;0.982
26763;0.9821
26873;0.9843
26973;0.9771
27073;0.9797
27176;0.9845
27280;0.9798
27417;0.9784
27517;0.9861
27617;0.9886
27717;0.9866
27817;0.9884
27917;0.9845
28017;0.9908
28126;0.9872
28226;0.9884
28326;0.9909
28426;0.9906
28534;0.9909
28634;0.9888
28734;0.9908
28834;0.9888
28980;0.9896
29080;0.9898
29189;0.9898
29289;0.9915
29389;0.9912
29503;0.9931
29616;0.9936
29720;0.9938
29820;0.9933
29928;0.9943
30056;0.9945
30165;0.9945
30287;0.9945
30400;0.9945
30511;0.9946
30635;0.99
30735;0.9813
30835;0.9906
30935;0.9943
31035;0.9926
31184;0.9925
31292;0.9936
31392;0.992
31492;0.9913
31592;0.9866
31692;0.9931
31792;0.991
31927;0.9905
32027;0.9908
32127;0.9916
32227;0.9932
32357;0.9928
32457;0.9931
32557;0.9935
32659;0.9896
32759;0.9929
32859;0.9932
32959;0.9932
33059;0.9928
33174;0.9921
33274;0.9923
33424;0.9928
33533;0.9929
33633;0.9929
33733;0.9934
33833;0.9934
33933;0.9936
34033;0.9935
34133;0.9938
34240;0.9936
34376;0.9933
34476;0.9936
34583;0.9931
34693;0.9931
34793;0.9938
34893;0.9937
34993;0.9935
35093;0.9931
35193;0.9937
35293;0.9937
35393;0.9933
35526;0.9929
35647;0.9928
35747;0.9932
35892;0.9936
36001;0.9936
36113;0.9936
36213;0.9936
36313;0.9937
36422;0.9936
36522;0.9937
36622;0.9939
36722;0.9936
36822;0.9938
36922;0.9939
37063;0.9931
37163;0.9926
37263;0.9929
37363;0.9822
37463;0.994
37603;0.9942
37703;0.9941
37803;0.9941
37903;0.994
38003;0.9941
38118;0.9941
38230;0.9941
38330;0.9943
38434;0.9928
38534;0.9944
38653;0.994
38783;0.9941
38911;0.994
39011;0.9879
39111;0.9539
39211;0.9898
39311;0.9917
39411;0.9921
39516;0.9922
39616;0.9928
39736;0.9927
39863;0.9926
39963;0.9927
40063;0.9925
40170;0.9919
40299;0.9923
40399;0.9935
40508;0.9936
40608;0.9933
40708;0.993
40808;0.9923
40908;0.9926
41026;0.993
41126;0.9899
41240;0.9894
41340;0.9894
41492;0.982
43643;FOUND
