10100;START
10100;0.8898
10200;0.8898
10300;0.8898
10413;0.8898
10513;0.8898
10613;0.8898
10713;0.8898
10813;0.8898
10927;0.8898
11038;0.8898
11138;0.8898
11255;0.8898
11355;0.8898
11460;0.8898
11560;0.8898
11660;0.8898
11769;0.8898
11869;0.8898
11969;0.8898
12069;0.8898
12183;0.8898
12283;0.8898
12430;0.8898
12530;0.8898
12648;0.8898
12748;0.8898
12848;0.8898
13037;0.8898
13137;0.8898
13237;0.9105
13345;0.9131
13445;0.9177
13545;0.9165
13645;0.9011
13748;0.9123
13848;0.9198
13948;0.923
14048;0.9241
14148;0.9193
14248;0.9179
14348;0.9212
14455;0.9216
14555;0.8946
14673;0.9258
14773;0.9297
14873;0.9308
14973;0.9144
15083;0.9216
15220;0.9301
15367;0.9277
15502;0.9339
15602;0.9398
15702;0.9416
15802;0.9383
15902;0.9397
16002;0.9475
16102;0.9444
16212;0.9441
16336;0.9467
16436;0.9357
16536;0.9392
16636;0.9424
16771;0.9415
16871;0.9459
16971;0.9529
17097;0.9539
17197;0.9505
17297;0.9546
17397;0.956
17547;0.9549
17647;0.9544
17765;0.9617
17865;0.9537
18077;0.9618
18177;0.9626
18277;0.9581
18377;0.9636
18477;0.9623
18577;0.9584
18679;0.9606
18779;0.9437
18879;0.9599
18979;0.9526
19178;0.9665
19278;0.9617
19378;0.9665
19480;0.9658
19580;0.9707
19680;0.9651
19806;0.9718
19933;0.9651
20033;0.9586
20133;0.971
20233;0.9714
20333;0.9743
20433;0.9754
20533;0.9755
20633;0.9764
20770;0.974
20870;0.9674
20970;0.9643
21070;0.9724
21170;0.9716
21270;0.9747
21385;0.9756
21485;0.9706
21585;0.9734
21685;0.9716
21788;0.9708
21888;0.9654
21988;0.9712
22088;0.972
22188;0.9687
22288;0.9711
22388;0.9721
22488;0.9738
22588;0.977
22695;0.9764
22795;0.9704
22895;0.9751
22995;0.9767
23095;0.974
23195;0.9762
23295;0.9769
23398;0.9695
23498;0.9779
23598;0.9775
23698;0.9756
23798;0.9773
23916;0.9776
24038;0.9771
24138;0.9767
24238;0.9749
24349;0.977
24449;0.9767
24556;0.9748
24705;0.9734
24809;0.9787
24934;0.9793
25061;0.9793
25161;0.979
25261;0.9802
25375;0.9798
25475;0.9763
25575;0.9757
25675;0.9747
25775;0.98
25875;0.9805
25975;0.9792
26075;0.9797
26175;0.98
26295;0.9782
26395;0.9778
26513;0.9613
26613;0.9734
26713;0.9797
26813;0.9765
26913;0.9771
27068;0.9737
27168;0.9808
27268;0.9803
27382;0.98
27482;0.9822
27599;0.9804
27699;0.9795
27846;0.981
27948;0.9789
28048;0.9823
28190;0.978
28290;0.9802
28390;0.9742
28507;0.9803
28690;0.98
28806;0.9804
28906;0.9819
29006;0.9778
29106;0.98
29206;0.9812
29306;0.9795
29406;0.9837
29506;0.9814
29606;0.9745
29706;0.9545
29811;0.9584
29911;0.977
30023;0.9834
30123;0.9873
30223;0.9868
30323;0.9884
30423;0.9855
30523;0.988
30628;0.9875
30728;0.9878
30896;0.9831
30996;0.9875
31106;0.9867
31206;0.9861
31306;0.9872
31406;0.9862
31506;0.9873
31606;0.9877
31706;0.9888
31806;0.9886
31906;0.9897
32017;0.9899
32117;0.9898
32222;0.9896
32322;0.9893
32422;0.9887
32595;0.9887
32695;0.9901
32795;0.9912
32896;0.9907
32996;0.9915
33126;0.991
33227;0.9911
33335;0.9904
33435;0.9891
33535;0.9877
33635;0.9842
33735;0.9836
33842;0.9844
33942;0.9869
34042;0.9864
34142;0.986
34278;0.9875
34381;0.9887
34485;0.989
34589;0.9893
34689;0.9895
34789;0.991
34908;0.9916
35008;0.9883
35108;0.9856
35208;0.9918
35308;0.9915
35416;0.9912
35516;0.9915
35656;0.992
35770;0.9918
35870;0.9924
35986;0.9873
36086;0.9921
36186;0.9898
36302;0.9818
36402;0.9904
36502;0.988
36602;0.9884
36715;0.991
36815;0.9906
36915;0.9903
37015;0.9907
37115;0.9914
37215;0.9915
37319;0.9896
37419;0.9811
37533;0.9845
37633;0.9873
37733;0.9885
37853;0.9854
37953;0.9917
38146;0.9917
38257;0.9918
38357;0.9916
38464;0.9923
38564;0.9923
38664;0.992
38764;0.992
38864;0.992
38964;0.9925
39064;0.9904
39164;0.9899
39285;0.9914
39386;0.9921
39486;0.9922
39586;0.9923
39746;0.9895
39846;0.9864
39946;0.983
40046;0.9823
40146;0.9897
40246;0.9898
40357;0.9905
40457;0.9887
40557;0.99
40657;0.9895
40757;0.9848
40857;0.9865
40973;0.9897
41073;0.9934
41173;0.992
41273;0.9926
41373;0.9917
41473;0.9893
41634;0.991
41734;0.9913
41834;0.9813
41940;0.9878
42061;0.9908
42161;0.9905
42261;0.9908
42403;0.9908
42503;0.9914
42603;0.9915
42739;0.9915
42839;0.9936
42989;0.9894
43090;0.9886
43242;0.9946
43360;0.9933
43460;0.9945
43577;0.9935
43707;0.9929
43807;0.9896
43907;0.9926
44027;0.9924
44127;0.9757
44227;0.9906
44327;0.9944
44453;0.9929
44553;0.9917
44685;0.9931
44785;0.9926
44897;0.9934
44997;0.9883
45097;0.9884
45197;0.9907
45297;0.9934
45397;0.9921
45497;0.9942
45597;0.988
45697;0.9696
45797;0.987
45911;0.9925
46035;0.9891
46135;0.9955
46254;0.9924
46402;0.9965
46502;0.9969
46602;0.9942
46714;0.9929
46814;0.9921
46914;0.9928
47041;0.9933
47152;0.9955
47252;0.9945
47352;0.9867
47452;0.9962
47569;0.9914
47673;0.9957
47780;0.9966
47897;0.9967
47997;0.9966
48097;0.9967
48197;0.9952
48297;0.9966
48397;0.9969
48497;0.9963
48623;0.9971
48723;0.9966
48823;0.9966
48932;0.9965
49032;0.9953
49132;0.9933
49232;0.9953
49337;0.9979
49437;0.9946
49548;0.9968
49677;0.9971
49777;0.9962
49877;0.9956
49977;0.996
50082;0.9961
50182;0.9961
50286;0.9963
50386;0.9942
50486;0.9964
50586;0.9962
50686;0.9968
50800;0.9964
50900;0.9966
51000;0.9964
51100;0.9964
51200;0.9963
51300;0.9979
51400;0.995
51514;0.9976
51614;0.9977
51725;0.9978
51825;0.9981
51967;0.9982
52067;0.9974
52167;0.9986
52276;0.9985
52376;0.9984
52476;0.9988
52576;0.9988
52676;0.9988
52776;0.9989
52876;0.999
52976;0.9989
53084;0.9989
53193;0.9989
53319;0.999
53419;0.999
53561;0.9991
53679;0.999
53779;0.9992
53879;0.9991
53998;0.9991
54098;0.9991
54201;0.9991
54301;0.9991
54401;0.9991
54501;0.9992
54601;0.9994
54701;0.9975
54813;0.9966
54935;0.997
55052;0.9974
55161;0.9977
55262;0.9985
55362;0.9988
55472;0.9991
55572;0.9991
55679;0.9991
55822;0.9992
55922;0.9999
56049;0.9997
56149;0.9997
56255;0.9997
56355;0.9997
56470;0.9997
56570;0.9997
56670;0.9997
56770;0.9997
56919;0.9997
57019;0.9997
57119;0.9997
57255;0.9997
57355;0.9997
57455;0.9997
57555;0.9989
57662;0.9984
57762;0.9986
57862;0.9997
57995;0.9994
58095;0.9991
58195;0.9989
58327;0.999
58427;0.9991
58614;0.9992
58714;0.9993
58814;0.9993
58914;0.9993
59014;0.9993
59114;0.9994
59214;0.9995
59326;0.9994
59493;0.9994
59609;0.9994
59709;0.9994
59809;0.9994
59916;0.9994
60016;0.9994
60116;0.9997
60216;0.9997
60316;0.9998
60416;0.9998
60524;0.9998
60634;0.9998
60735;0.9998
60835;0.9999
60935;0.9999
61035;0.9999
61135;0.9999
61241;0.9999
61366;0.9999
61466;0.9999
61568;0.9999
61668;0.9999
61768;0.9999
61876;0.9999
61980;0.9999
62080;0.9999
62180;0.9999
62280;0.9999
62380;0.9999
62480;0.9999
62580;0.9999
62680;0.9999
62780;0.9999
62910;0.9999
63044;0.9999
63144;0.9999
63244;0.9999
63350;0.9999
63450;0.9999
63576;0.9999
63679;0.9999
63779;0.9999
63879;0.9999
63979;0.9999
64082;0.9999
64182;0.9999
64282;0.9999
64382;0.9999
64482;0.9999
64582;0.9999
64682;0.9999
64782;0.9999
64894;0.9999
64994;0.9999
65172;0.9999
65293;0.9999
65393;0.9999
65524;0.9999
65624;0.9999
65724;0.9999
65824;0.9999
65924;0.9999
66024;0.9998
66124;0.9999
66224;0.9999
66324;0.9999
66424;0.9999
66524;0.9998
66624;0.9999
66739;0.9998
66864;0.9997
580885;FOUND
