10100;START
10100;0.8895
10200;0.8895
10300;0.8895
10400;0.8895
10506;0.8895
10613;0.8895
10722;0.8895
10822;0.8895
10941;0.8895
11048;0.8895
11148;0.8895
11248;0.8895
11348;0.8895
11448;0.8895
11548;0.8897
11648;0.903
11748;0.9054
11857;0.9049
11999;0.9064
12099;0.8997
12249;0.9056
12349;0.8672
12449;0.9063
12549;0.9117
12668;0.9123
12768;0.905
12906;0.9011
13006;0.916
13123;0.9075
13223;0.9179
13323;0.9178
13428;0.9142
13554;0.9129
13656;0.9173
13756;0.9111
13856;0.9212
13956;0.9214
14073;0.9231
14227;0.9278
14327;0.9305
14427;0.9324
14544;0.9347
14680;0.9339
14780;0.9334
14880;0.9249
14980;0.9344
15080;0.9266
15180;0.935
15280;0.9349
15380;0.936
15491;0.9366
15591;0.9436
15691;0.9441
15803;0.9461
15903;0.9458
16003;0.9346
16108;0.9456
16208;0.9157
16326;0.9367
16426;0.9282
16530;0.9389
16630;0.9417
16730;0.9503
16856;0.9503
16956;0.954
17056;0.9517
17167;0.9528
17267;0.9541
17378;0.9487
17503;0.953
17603;0.9516
17703;0.9505
17831;0.9489
17933;0.9522
18033;0.9527
18133;0.9477
18256;0.9472
18361;0.9532
18461;0.9538
18561;0.9529
18661;0.9511
18765;0.954
18865;0.953
18971;0.9535
19080;0.9533
19180;0.9499
19358;0.9527
19458;0.9531
19558;0.9499
19658;0.947
19758;0.951
19864;0.9535
19964;0.9521
20065;0.9541
20165;0.9548
20265;0.9454
20374;0.9507
20474;0.9191
20574;0.9508
20674;0.956
20781;0.955
20881;0.9582
20981;0.9565
21081;0.9451
21181;0.9499
21281;0.9613
21381;0.9537
21481;0.9641
21592;0.9619
21719;0.9622
21819;0.9635
21919;0.9609
22019;0.9639
22125;0.9654
22225;0.9635
22325;0.964
22425;0.9567
22545;0.9651
22662;0.9562
22762;0.9654
22885;0.9656
22985;0.9657
23128;0.9662
23251;0.966
23351;0.9713
23451;0.969
23551;0.9679
23697;0.9672
23800;0.9735
23900;0.9615
24000;0.9723
24110;0.972
24210;0.9731
24310;0.964
24410;0.9687
24510;0.9712
24610;0.9727
24710;0.9679
24810;0.9657
24910;0.9674
25010;0.9602
25110;0.9698
25210;0.9746
25310;0.9741
25410;0.9748
25510;0.9728
25610;0.9714
25731;0.9722
25836;0.975
25936;0.9759
26036;0.9745
26153;0.9705
26253;0.9728
26353;0.9739
26453;0.969
26553;0.9709
26653;0.97
26784;0.9711
26884;0.9693
26984;0.9667
27084;0.9592
27184;0.9733
27284;0.9731
27384;0.9761
27495;0.9738
27614;0.9601
27714;0.9772
27814;0.9741
27914;0.9772
28014;0.9768
28125;0.9773
28225;0.9692
28325;0.9775
28425;0.9767
28525;0.9738
28625;0.9722
28725;0.9804
28825;0.9806
28925;0.9784
29025;0.9814
29125;0.982
29225;0.9825
29344;0.982
29444;0.9831
29544;0.9832
29644;0.984
29744;0.9854
29864;0.9814
30053;0.9816
30153;0.9687
30253;0.9793
30366;0.9621
30466;0.968
30577;0.9749
30682;0.9831
30782;0.9818
30912;0.9832
31012;0.9818
31112;0.9837
31212;0.9812
31312;0.9826
31412;0.9807
31512;0.9845
31612;0.9859
31712;0.9863
31812;0.9859
31986;0.9832
32086;0.9781
32186;0.9817
32286;0.9818
32386;0.9792
32486;0.9868
32607;0.9815
32707;0.9873
32828;0.9895
32928;0.9877
33028;0.9882
33128;0.9898
33228;0.9891
33328;0.989
33428;0.9888
33528;0.9855
33641;0.9869
33742;0.9848
33842;0.9891
33942;0.988
34095;0.9888
34195;0.9904
34295;0.9887
34420;0.9863
34564;0.9863
34664;0.9884
34764;0.9849
34864;0.989
34964;0.9747
35064;0.9898
35164;0.9658
35264;0.9868
35364;0.9836
35478;0.9836
35578;0.9889
35707;0.9894
35807;0.9871
35907;0.9899
36008;0.9909
36141;0.9907
36265;0.9897
36365;0.9905
36465;0.992
36569;0.9921
36669;0.9913
36769;0.9908
36869;0.9905
36983;0.9908
37083;0.9909
37193;0.9908
37293;0.9909
37393;0.9909
37513;0.9909
37613;0.9906
37729;0.9906
37854;0.9906
37970;0.9922
38070;0.9921
38170;0.9922
38282;0.9922
38408;0.9893
38536;0.9881
38636;0.9899
38739;0.9911
38848;0.9905
38967;0.9874
39067;0.9778
39167;0.9896
39319;0.9835
39419;0.9885
39548;0.9889
39648;0.9892
39748;0.9912
39848;0.9854
39948;0.9911
40048;0.9918
40148;0.992
40263;0.9921
40363;0.9921
40463;0.9914
40563;0.9921
40663;0.992
40764;0.9919
40864;0.9918
40967;0.992
41086;0.9899
41186;0.9927
41286;0.9924
41386;0.9903
41486;0.9918
41586;0.992
41686;0.9924
41786;0.9922
41936;0.9919
42036;0.9893
42136;0.9909
42259;0.993
42361;0.9932
42461;0.9931
42561;0.9931
42661;0.9926
42761;0.9926
42861;0.9929
42974;0.9928
43074;0.9924
43174;0.9919
43285;0.9917
43385;0.992
43485;0.992
43585;0.9922
43685;0.9924
43785;0.9925
43885;0.9911
43988;0.9893
44098;0.992
44198;0.992
44305;0.9919
44413;0.9919
44513;0.992
44613;0.9931
44713;0.9921
44813;0.9924
44913;0.992
45018;0.9919
45118;0.9931
45231;0.9931
45331;0.9926
45431;0.9925
45531;0.9926
45662;0.9929
45762;0.9932
45878;0.9934
45978;0.993
46078;0.9926
46178;0.9922
46278;0.9922
46458;0.9922
46564;0.9922
46672;0.9929
46772;0.993
46872;0.9917
46972;0.9908
47072;0.9933
47187;0.9924
47299;0.9924
47399;0.9927
47521;0.9921
47621;0.9922
47721;0.991
47821;0.9927
47921;0.9927
48021;0.9918
48122;0.9918
48224;0.993
48324;0.993
48502;0.9929
48602;0.9931
48702;0.9931
48809;0.993
48909;0.9868
49009;0.9931
49109;0.9913
49209;0.9929
49309;0.9929
49409;0.9922
49509;0.9917
49609;0.9885
120512;FOUND
