10100;START
10100;0.8861
10219;0.8861
10351;0.8861
10451;0.8861
10551;0.8861
10651;0.8861
10751;0.8861
10872;0.8861
10972;0.8861
11114;0.8861
11214;0.8861
11314;0.8861
11414;0.8861
11514;0.8861
11614;0.8861
11714;0.8861
11814;0.8861
11914;0.8861
12014;0.8861
12123;0.8861
12223;0.8888
12323;0.9007
12424;0.9013
12524;0.9021
12624;0.9019
12742;0.9028
12842;0.902
12942;0.904
13042;0.9028
13142;0.9036
13242;0.9035
13358;0.8951
13458;0.9046
13558;0.9094
13669;0.9124
13769;0.9169
13869;0.9166
13969;0.9196
14069;0.9034
14172;0.8936
14272;0.92
14372;0.9143
14472;0.9251
14576;0.9226
14683;0.9276
14784;0.9259
14884;0.928
15037;0.9263
15149;0.9262
15249;0.9287
15349;0.9293
15449;0.9177
15549;0.9272
15649;0.9273
15749;0.9292
15854;0.9277
15954;0.927
16054;0.921
16154;0.9162
16270;0.9286
16370;0.9293
16470;0.93
16570;0.9321
16670;0.9329
16770;0.9289
16892;0.9269
16992;0.9344
17092;0.9383
17192;0.9418
17292;0.9434
17392;0.9466
17515;0.9484
17615;0.9458
17717;0.9494
17817;0.9473
17917;0.9455
18040;0.9464
18140;0.9417
18240;0.945
18340;0.9234
18451;0.9364
18551;0.9339
18699;0.9387
18810;0.9399
18910;0.9272
19023;0.9472
19167;0.949
19267;0.9434
19367;0.9425
19467;0.9426
19584;0.9453
19684;0.9469
19784;0.9469
19884;0.9491
19984;0.9356
20142;0.9455
20242;0.9462
20342;0.9525
20463;0.9509
20563;0.946
20690;0.9526
20790;0.9486
20918;0.9442
21018;0.948
21118;0.9506
21218;0.9526
21328;0.9518
21428;0.9488
21528;0.9504
21641;0.9537
21741;0.9527
21876;0.9515
21976;0.9573
22076;0.9475
22176;0.9533
22296;0.953
22396;0.9522
22496;0.9473
22596;0.9511
22696;0.9547
22808;0.9575
22920;0.9548
23020;0.9515
23120;0.9574
23223;0.9586
23323;0.9573
23423;0.9586
23556;0.9603
23656;0.9598
23756;0.961
23856;0.9631
24062;0.9615
24162;0.9614
24262;0.9628
24363;0.958
24463;0.9532
24572;0.9504
24672;0.9574
24772;0.9623
24872;0.9674
24983;0.9696
25092;0.97
25248;0.9661
25348;0.9661
25448;0.9661
25548;0.969
25648;0.969
25748;0.966
25848;0.9645
25948;0.953
26048;0.9678
26148;0.9737
26248;0.9686
26368;0.9635
26471;0.9656
26571;0.9646
26671;0.9695
26795;0.9716
26910;0.9641
27062;0.9655
27162;0.9748
27262;0.9722
27362;0.9732
27462;0.9726
27579;0.9725
27694;0.9708
27794;0.9704
27894;0.9602
27994;0.9547
28094;0.9664
28194;0.9743
28294;0.9705
28394;0.9741
28494;0.9709
28618;0.9681
28718;0.969
28818;0.9738
28918;0.9751
29018;0.9761
29159;0.9712
29259;0.9714
29386;0.9755
29486;0.9734
29586;0.9689
29741;0.9739
29841;0.9722
29941;0.9728
30041;0.9768
30161;0.9739
30261;0.9752
30361;0.9712
30461;0.9793
30561;0.9763
30661;0.9742
30761;0.9791
30861;0.9756
30961;0.9711
31061;0.974
31166;0.9761
31266;0.9682
31366;0.9794
31466;0.9749
31566;0.9795
31666;0.976
31766;0.9699
31901;0.9739
32001;0.9772
32101;0.9786
32203;0.9812
32303;0.9818
32403;0.9836
32503;0.9821
32603;0.9635
32703;0.9739
32803;0.9821
32915;0.9761
33026;0.984
33126;0.9797
33226;0.9854
33326;0.9862
33436;0.9847
33553;0.9656
33653;0.9842
33760;0.9859
33860;0.9803
33960;0.9399
34087;0.9565
34188;0.9625
34288;0.9616
34388;0.9814
34488;0.9854
34625;0.9856
34725;0.9848
34825;0.9821
34925;0.9861
35027;0.9871
35127;0.9872
35229;0.9857
35329;0.9839
35429;0.9891
35529;0.9874
35629;0.9828
35729;0.9596
35829;0.9859
35929;0.9883
36085;0.9866
36185;0.9883
36291;0.9808
36416;0.9825
36524;0.9862
36642;0.9895
36818;0.9821
36918;0.9833
37018;0.9801
37131;0.9789
37231;0.979
37357;0.9845
37457;0.9861
37557;0.9871
37657;0.9882
37761;0.9791
37861;0.9875
37961;0.987
38061;0.9897
38176;0.9879
38276;0.988
38377;0.9837
38502;0.9868
38602;0.9858
38702;0.9903
38802;0.9903
38902;0.9884
39002;0.9881
39112;0.9816
39212;0.9914
39344;0.9902
39459;0.9893
39559;0.9921
39665;0.9876
39783;0.9902
39883;0.9914
39983;0.9846
40083;0.9878
40183;0.9934
40283;0.9921
40415;0.9905
40515;0.9932
40615;0.9915
40715;0.9917
40815;0.992
40929;0.9936
41029;0.9929
41129;0.991
41246;0.9859
41346;0.9825
41478;0.981
41578;0.9716
41678;0.9941
41778;0.9936
41907;0.9956
42007;0.9955
42134;0.9907
42234;0.9944
42334;0.9948
42434;0.9952
42534;0.9953
42634;0.9954
42787;0.9814
42984;0.9955
43084;0.993
43184;0.9946
43284;0.9941
43384;0.9943
43495;0.9913
43595;0.9965
43763;0.9871
43863;0.9939
43965;0.9856
44065;0.9962
44165;0.9962
44265;0.9943
44378;0.9974
44478;0.9971
44578;0.996
44679;0.995
44779;0.9966
44879;0.9938
44979;0.9903
45090;0.9966
45193;0.9911
45293;0.9866
45393;0.997
45493;0.999
45593;0.9985
45720;0.998
45843;0.9984
45987;0.9911
46097;0.9856
46197;0.9964
46297;0.996
46460;0.9963
46563;0.9964
46663;0.9979
46771;0.9978
46871;0.997
46971;0.9976
47071;0.9986
47171;0.9983
47271;0.9975
47371;0.9989
47471;0.9983
47571;0.9984
47671;0.9985
47771;0.9985
47873;0.999
47973;0.999
48111;0.9983
48211;0.999
48311;0.9985
48446;0.9983
48551;0.9982
48651;0.9982
48751;0.9964
48863;0.9935
48963;0.9939
49075;0.9952
49176;0.9979
49276;0.9979
49376;0.9966
49476;0.9987
49576;0.9989
49676;0.9992
49776;0.999
49876;0.999
49976;0.9988
50083;0.9988
50183;0.9991
50283;0.9992
50383;0.9995
50483;0.9994
50638;0.9993
50738;0.9995
50874;0.9995
50996;0.9994
51096;0.9982
51206;0.9992
51306;0.9957
51406;0.9902
51568;0.999
51672;0.9989
51772;0.9993
51887;0.997
51987;0.9951
52091;0.9963
52196;0.9978
52296;0.9979
52396;0.9985
52512;0.999
52612;0.999
52760;0.999
52860;0.9986
52960;0.9981
53060;0.9974
53160;0.9979
53266;0.999
53366;0.9992
53466;0.9995
53567;0.9995
53667;0.9995
53767;0.9995
53904;0.9995
54013;0.9995
54113;0.9995
54213;0.9995
54313;0.9987
54413;0.9969
54513;0.996
54613;0.9996
54713;0.9994
54813;0.9993
54913;0.9993
55013;0.9993
55113;0.9993
55213;0.9993
55313;0.9986
55413;0.9994
55513;0.9992
55613;0.9983
55721;0.9992
55852;0.9987
55952;0.9983
56052;0.9986
56164;0.9986
56264;0.9988
56364;0.9989
56467;0.9989
56567;0.9989
56667;0.9992
56767;0.9996
56872;0.9996
56972;0.9996
57075;0.9996
57175;0.9996
57275;0.9996
57375;0.9997
57475;0.9987
57575;0.998
57675;0.9965
132304;FOUND
